[[37.90425198]
 [37.63644925]
 [37.45110038]
 [37.57611308]
 [37.22726837]
 [37.03148402]
 [37.09735954]
 [36.80612994]
 [36.84073892]
 [36.49706605]
 [36.26251537]
 [36.39128596]
 [36.23511639]
 [35.94398545]
 [35.70531447]
 [35.80601648]
 [35.48595337]
 [35.36557209]
 [35.26587134]
 [34.96477488]
 [34.89898184]
 [34.86959413]
 [34.68327884]
 [34.45433178]
 [34.32979377]
 [34.08876059]
 [33.90143671]
 [33.91947114]
 [33.93212897]
 [33.76855725]
 [33.34742875]
 [33.17046811]
 [33.03928981]
 [32.98333138]
 [32.82554476]
 [32.55773651]
 [32.59541173]
 [32.33089923]
 [32.37054239]
 [32.08098118]
 [31.90038046]
 [31.82034803]
 [31.61767063]
 [31.41566506]
 [31.21411575]
 [31.21290328]
 [30.8935688 ]
 [30.81571179]
 [30.80028151]
 [30.45337432]
 [30.2849997 ]
 [30.12557789]
 [30.08221   ]
 [29.884549  ]
 [29.7657799 ]
 [29.53517704]
 [29.42545104]
 [29.3844989 ]
 [29.05391211]
 [28.985288  ]
 [28.75506535]
 [28.57972391]
 [28.42012216]
 [28.21657034]
 [28.21840382]
 [27.87719215]
 [27.95268779]
 [27.52361796]
 [27.5353408 ]
 [27.36489543]
 [27.02054437]
 [26.87645538]
 [26.88475158]
 [26.5351568 ]
 [26.49375158]
 [26.24927909]
 [26.08053367]
 [26.07898633]
 [25.75608253]
 [25.58455998]
 [25.50552301]
 [25.28442621]
 [25.1279736 ]
 [25.0695622 ]
 [24.89845761]
 [24.61611109]
 [24.52842323]
 [24.40807699]
 [24.03545048]
 [24.02479157]
 [23.82244032]
 [23.61107836]
 [23.49628566]
 [23.26710244]
 [23.08752645]
 [22.9680265 ]
 [22.7224814 ]
 [22.69191011]
 [22.52287689]
 [22.38237985]
 [22.13007601]
 [21.88414678]
 [21.71277822]
 [21.67121086]
 [21.36956841]
 [21.26385821]
 [21.02063594]
 [20.86877952]
 [20.61944472]
 [20.58552737]
 [20.31553353]
 [20.27540936]
 [19.96474405]
 [19.87473634]
 [19.73616008]
 [19.45855787]
 [19.37959839]
 [19.1491103 ]
 [19.03972571]
 [18.84555008]
 [18.6235565 ]
 [18.50660718]
 [18.23248245]
 [18.12441923]
 [17.96420955]
 [17.73153922]
 [17.53807433]
 [17.36249333]
 [17.30266137]
 [16.9929992 ]
 [16.91684054]
 [16.81105743]
 [16.49802074]
 [16.26980575]
 [16.2124694 ]
 [15.91542125]
 [15.81975148]
 [15.6761839 ]
 [15.5345162 ]
 [15.30685868]
 [15.11351864]
 [14.94901392]
 [14.84102057]
 [14.59735122]
 [14.35554305]
 [14.20927853]
 [14.06478474]
 [13.85485946]
 [13.74502996]
 [13.4854847 ]
 [13.34839941]
 [13.11751142]
 [12.89682693]
 [12.80470375]
 [12.57524861]
 [12.43476422]
 [12.24209567]
 [12.05901694]
 [11.92655325]
 [11.63394523]
 [11.54921305]
 [11.40020938]
 [11.14168162]
 [10.93994631]
 [10.79606717]
 [10.6744581 ]
 [10.47112053]
 [10.25707609]
 [10.08077158]
 [ 9.89568353]
 [ 9.69283957]
 [ 9.51543847]
 [ 9.31021278]
 [ 9.16984592]
 [ 8.97367278]
 [ 8.83449581]
 [ 8.61907468]
 [ 8.40823404]
 [ 8.26099164]
 [ 8.0600543 ]
 [ 7.91319092]
 [ 7.70296863]
 [ 7.53659658]
 [ 7.35085084]
 [ 7.21559092]
 [ 7.01701157]
 [ 6.82632044]
 [ 6.64330347]
 [ 6.47904442]
 [ 6.2678009 ]
 [ 6.11223817]
 [ 5.89426442]
 [ 5.71333016]
 [ 5.51336724]
 [ 5.35443657]
 [ 5.21163921]
 [ 4.95453145]
 [ 4.83811468]
 [ 4.67277273]
 [ 4.50185708]
 [ 4.29536721]
 [ 4.0882318 ]
 [ 3.87781877]
 [ 3.68522944]
 [ 3.56399609]
 [ 3.39837062]
 [ 3.26126201]
 [ 3.05416379]
 [ 2.90160752]
 [ 2.76560603]
 [ 2.57214327]
 [ 2.36034892]
 [ 2.24580163]
 [ 1.99416783]
 [ 1.89178817]
 [ 1.59461607]
 [ 1.62794241]
 [ 1.58243657]
 [ 1.36775744]
 [ 1.01645241]
 [ 1.32859661]
 [ 1.13319984]
 [ 0.94584579]
 [ 1.08520717]
 [ 1.11943017]
 [ 1.30905662]
 [ 1.24629032]
 [ 1.39261971]
 [ 1.30690468]
 [ 1.53894706]
 [ 1.72191192]
 [ 1.77348515]
 [ 1.97890994]
 [ 2.19276368]
 [ 2.32975387]
 [ 2.45612437]
 [ 2.56732871]
 [ 2.87776983]
 [ 2.95740175]
 [ 3.1663306 ]
 [ 3.42949071]
 [ 3.60992436]
 [ 3.67600843]
 [ 3.92828942]
 [ 4.05557649]
 [ 4.29453192]
 [ 4.40880314]
 [ 4.58245789]
 [ 4.77125582]
 [ 5.00222978]
 [ 5.16488286]
 [ 5.34558699]
 [ 5.50249788]
 [ 5.6475018 ]
 [ 5.89033434]
 [ 6.06112601]
 [ 6.24197238]
 [ 6.45600294]
 [ 6.60231165]
 [ 6.74126623]
 [ 6.95249798]
 [ 7.14219553]
 [ 7.30933206]
 [ 7.52218635]
 [ 7.71383174]
 [ 7.85257687]
 [ 8.11975532]
 [ 8.25186219]
 [ 8.42403761]
 [ 8.60950831]
 [ 8.77091754]
 [ 8.97562029]
 [ 9.11615773]
 [ 9.33265335]
 [ 9.46693425]
 [ 9.71751412]
 [ 9.90219908]
 [10.0514428 ]
 [10.24151168]
 [10.46658862]
 [10.59968576]
 [10.79528482]
 [10.93108694]
 [11.10092045]
 [11.30647333]
 [11.5172229 ]
 [11.63480756]
 [11.86095669]
 [12.01418784]
 [12.22576017]
 [12.43657233]
 [12.56290828]
 [12.74949294]
 [12.98164434]
 [13.12831722]
 [13.32227163]
 [13.49012191]
 [13.64144833]
 [13.88759446]
 [13.98640712]
 [14.18028073]
 [14.37107458]
 [14.54078549]
 [14.75219606]
 [14.87024257]
 [15.06683806]
 [15.30753703]
 [15.47414385]
 [15.68836056]
 [15.77258232]
 [15.97310394]
 [16.11143542]
 [16.34534863]
 [16.53366469]
 [16.73989176]
 [16.83002085]
 [17.0346128 ]
 [17.2475687 ]
 [17.37021765]
 [17.62459017]
 [17.7728278 ]
 [17.89024641]
 [18.0358799 ]
 [18.37438929]
 [18.53731655]
 [18.58582294]
 [18.86823295]
 [19.08647749]
 [19.25465533]
 [19.27707249]
 [19.52857982]
 [19.74852572]
 [19.92638647]
 [20.10844518]
 [20.26226231]
 [20.34346561]
 [20.53497306]
 [20.69550611]
 [20.95308604]
 [21.03715054]
 [21.27781446]
 [21.47343623]
 [21.52310547]
 [21.70837433]
 [21.93598381]
 [22.17910051]
 [22.31486462]
 [22.37406402]
 [22.64121858]
 [22.71851422]
 [22.88433131]
 [23.15826628]
 [23.29314554]
 [23.50762874]
 [23.68169077]
 [23.74749945]
 [24.08071846]
 [24.02518021]
 [24.21881915]
 [24.4255089 ]
 [24.59318788]
 [24.86611908]
 [24.85191921]
 [25.13653382]
 [25.32761154]
 [25.36774668]
 [25.72610665]
 [25.80859623]
 [25.92276178]
 [26.17666508]
 [26.36489965]
 [26.56798939]
 [26.69896595]
 [26.76503906]
 [26.97664086]
 [27.14089726]
 [27.23033187]
 [27.45406141]
 [27.67711844]
 [27.82860331]
 [27.96297795]
 [28.26398455]
 [28.12265491]
 [28.34699233]
 [28.61950531]
 [28.64314774]
 [28.89591522]
 [28.96276524]
 [29.2294058 ]
 [29.35072181]
 [29.53284032]
 [29.85973807]
 [29.9416067 ]
 [30.04460998]
 [30.32501938]
 [30.46114513]
 [30.45936009]
 [30.62627693]
 [30.74850965]
 [30.82262392]
 [31.13773504]
 [31.36192325]
 [31.28056708]
 [31.58795376]
 [31.69994086]
 [31.83472245]
 [32.2275234 ]
 [32.13272997]
 [32.40589118]
 [32.47687345]
 [32.57153256]
 [32.82686772]
 [32.88652876]
 [33.01440071]
 [33.32473967]
 [33.31709154]
 [33.67768997]
 [33.66571509]
 [33.9506137 ]
 [34.18941646]
 [34.0226957 ]
 [34.51520731]
 [34.31952861]
 [34.54260332]
 [34.82624608]
 [34.98637838]
 [34.98839804]
 [35.23980981]
 [35.31527464]
 [35.5832914 ]
 [35.67844553]
 [35.83090619]
 [36.02223549]
 [36.20319246]
 [36.32789349]
 [36.38462564]
 [36.71695429]
 [36.8231576 ]
 [36.67798581]
 [36.98197483]
 [37.13159847]
 [37.26852367]
 [37.53437359]
 [37.51655997]
 [37.89381677]
 [37.94253716]
 [38.07203025]
 [38.13094965]
 [38.09478825]
 [38.25454218]
 [38.53550993]
 [38.78789925]
 [38.6107399 ]
 [38.92988186]
 [39.06939071]
 [39.31225738]
 [39.3767258 ]
 [39.34204778]
 [39.78151624]
 [39.96453658]
 [39.98745411]
 [40.20638815]
 [40.11372606]
 [40.28359768]
 [40.29842743]
 [40.74201045]
 [40.60925606]
 [40.88036112]
 [40.91017537]
 [41.2581732 ]
 [41.23226831]
 [41.42839305]
 [41.55978116]
 [41.6911969 ]
 [41.78561375]
 [42.07443098]
 [41.90093014]
 [42.01663084]
 [42.40727546]
 [42.58828806]
 [42.75018432]
 [42.66109046]
 [42.61566993]
 [42.7480581 ]
 [42.86856143]
 [43.12199976]
 [43.30828788]
 [43.59497516]
 [43.53724273]
 [43.59497642]
 [44.01634285]
 [44.10475753]
 [44.06749881]
 [44.1570627 ]
 [44.52186399]
 [44.57893735]
 [44.52770057]
 [44.43833359]
 [44.79325662]
 [45.13142874]]