0.000000	201.039695
0.100000	201.435989
0.200000	201.642060
0.300000	201.420137
0.400000	201.166509
0.500000	201.150658
0.600000	201.134806
0.700000	201.340878
0.800000	201.388434
0.900000	201.388434
1.000000	201.372581
1.100000	201.372581
1.200000	201.420137
1.300000	201.467692
1.400000	201.451840
1.500000	201.435989
1.600000	201.483543
1.700000	201.420137
1.800000	201.531100
1.900000	201.626209
2.000000	202.038354
2.100000	202.498055
2.200000	203.449157
2.300000	204.225892
2.400000	204.558780
2.500000	204.416113
2.600000	203.908858
2.700000	203.132123
2.800000	202.022502
2.900000	201.753023
3.000000	201.546951
3.100000	201.546951
3.200000	201.626209
3.300000	201.610357
3.400000	201.546951
3.500000	201.626209
3.600000	201.737171
3.700000	201.879837
3.800000	201.879837
3.900000	201.800579
4.000000	201.848134
4.100000	202.085910
4.200000	202.260279
4.300000	202.022502
4.400000	201.753023
4.500000	201.800579
4.600000	202.196871
4.700000	202.276130
4.800000	202.212724
4.900000	202.149316
5.000000	202.006651
5.100000	201.737171
5.200000	201.642060
5.300000	201.642060
5.400000	201.737171
5.500000	202.196871
5.600000	202.291982
5.700000	202.133465
5.800000	201.546951
5.900000	201.420137
6.000000	201.356729
6.100000	201.420137
6.200000	201.705468
6.300000	202.038354
6.400000	201.990799
6.500000	201.657914
6.600000	201.578654
6.700000	201.594506
6.800000	201.657914
6.900000	201.626209
7.000000	201.467692
7.100000	201.293323
7.200000	201.293323
7.300000	201.325026
7.400000	201.404286
7.500000	201.388434
7.600000	201.657914
7.700000	202.038354
7.800000	202.307833
7.900000	202.196871
8.000000	202.276130
8.100000	202.402944
8.200000	202.101762
8.300000	201.879837
8.400000	201.467692
8.500000	201.372581
8.600000	201.800579
8.700000	202.973606
8.800000	203.702785
8.900000	204.019821
9.000000	203.893007
9.100000	203.369900
9.200000	202.466350
9.300000	201.753023
9.400000	201.245769
9.500000	200.960436
9.600000	201.071398
9.700000	200.976289
9.800000	201.071398
9.900000	201.007992
10.000000	201.007992
10.100000	200.690958
10.200000	200.659253
10.300000	200.801919
10.400000	200.738513
10.500000	200.469033
10.600000	200.326368
10.700000	200.373922
10.800000	200.437330
10.900000	200.500736
11.000000	200.548291
11.100000	200.643402
11.200000	200.627550
11.300000	200.500736
11.400000	200.484885
11.500000	200.262960
11.600000	200.136148
11.700000	200.231257
11.800000	200.056888
11.900000	199.993481
12.000000	199.898371
12.100000	199.945926
12.200000	199.866668
12.300000	199.771557
12.400000	199.644743
12.500000	199.977629
12.600000	200.484885
12.700000	200.611699
12.800000	200.358071
12.900000	199.914223
13.000000	199.850815
13.100000	199.613040
13.200000	199.502078
13.300000	199.216747
13.400000	199.169192
13.500000	199.074081
13.600000	199.074081
13.700000	198.978971
13.800000	198.978971
13.900000	199.058230
14.000000	199.026525
14.100000	198.915564
14.200000	198.915564
14.300000	198.931416
14.400000	198.978971
14.500000	198.947267
14.600000	198.931416
14.700000	198.820453
14.800000	198.487568
14.900000	198.376605
15.000000	198.281495
15.100000	198.202237
15.200000	197.996164
15.300000	197.932757
15.400000	197.916904
15.500000	197.837647
15.600000	197.790092
15.700000	197.853498
15.800000	197.758387
15.900000	197.853498
16.000000	197.837647
16.100000	197.964460
16.200000	197.964460
16.300000	197.837647
16.400000	197.790092
16.500000	197.599870
16.600000	197.266985
16.700000	197.171874
16.800000	197.060911
16.900000	197.029208
17.000000	197.029208
17.100000	197.013357
17.200000	197.045060
17.300000	196.759729
17.400000	196.728026
17.500000	196.807283
17.600000	196.838988
17.700000	196.728026
17.800000	196.696323
17.900000	196.363435
18.000000	196.220770
18.100000	196.268326
18.200000	196.458546
18.300000	196.553657
18.400000	197.140171
18.500000	197.679129
18.600000	197.869350
18.700000	197.679129
18.800000	197.045060
18.900000	195.982993
19.000000	195.475739
19.100000	195.333074
19.200000	195.206260
19.300000	195.206260
19.400000	195.079446
19.500000	195.127000
19.600000	195.206260
19.700000	195.111149
19.800000	195.127000
19.900000	195.650108
20.000000	196.030550
20.100000	196.268326
20.200000	195.982993
20.300000	195.253814
20.400000	194.239304
20.500000	193.953973
20.600000	193.763752
20.700000	193.747900
20.800000	193.716197
20.900000	193.541828
21.000000	193.541828
21.100000	193.525977
21.200000	193.399163
21.300000	193.256497
21.400000	193.193090
21.500000	193.177238
21.600000	193.161387
21.700000	193.034573
21.800000	192.907759
21.900000	192.796796
22.000000	192.701687
22.100000	192.559021
22.200000	192.448059
22.300000	192.241986
22.400000	192.131025
22.500000	192.020063
22.600000	192.020063
22.700000	191.893249
22.800000	191.798138
22.900000	191.829841
23.000000	191.940803
23.100000	191.639621
23.200000	191.433549
23.300000	191.306735
23.400000	191.259179
23.500000	191.275030
23.600000	191.417696
23.700000	191.417696
23.800000	191.433549
23.900000	191.592066
24.000000	191.623769
24.100000	191.275030
24.200000	190.545851
24.300000	190.086152
24.400000	189.753264
24.500000	189.721561
24.600000	189.610599
24.700000	189.626452
24.800000	189.674007
24.900000	189.911783
25.000000	190.212966
25.100000	190.466594
25.200000	190.339780
25.300000	189.959338
25.400000	189.309416
25.500000	188.691200
25.600000	188.405869
25.700000	188.358313
25.800000	188.263203
25.900000	188.263203
26.000000	188.326610
26.100000	188.104686
26.200000	187.676688
26.300000	187.438913
26.400000	187.391357
26.500000	187.106026
26.600000	186.899955
26.700000	186.741438
26.800000	186.725586
26.900000	186.804844
27.000000	186.852398
27.100000	186.487810
27.200000	186.360996
27.300000	186.123219
27.400000	185.932999
27.500000	185.837888
27.600000	185.948851
27.700000	185.837888
27.800000	185.631817
27.900000	185.568409
28.000000	185.314781
28.100000	185.251375
28.200000	185.061155
28.300000	185.077006
28.400000	184.934341
28.500000	184.744119
28.600000	184.522196
28.700000	184.427085
28.800000	184.252716
28.900000	184.125902
29.000000	184.046643
29.100000	184.300271
29.200000	184.490491
29.300000	184.316122
29.400000	183.713757
29.500000	183.127244
29.600000	182.968725
29.700000	182.794357
29.800000	182.810208
29.900000	182.746802
30.000000	182.524877
30.100000	182.287101
30.200000	182.160288
30.300000	181.985918
30.400000	181.890809
30.500000	181.684736
30.600000	181.510367
30.700000	181.351850
30.800000	181.177480
30.900000	181.034814
31.000000	180.828743
31.100000	180.527560
31.200000	180.369043
31.300000	180.321487
31.400000	180.147118
31.500000	179.972750
31.600000	179.719122
31.700000	179.624011
31.800000	179.544753
31.900000	179.449642
32.000000	179.211866
32.100000	179.037497
32.200000	178.799721
32.300000	178.688759
32.400000	178.450984
32.500000	178.165653
32.600000	178.070542
32.700000	177.959580
32.800000	177.991283
32.900000	177.785211
33.000000	177.658397
33.100000	177.499880
33.200000	177.357214
33.300000	177.071883
33.400000	176.960921
33.500000	176.834107
33.600000	177.040180
33.700000	177.008476
33.800000	176.485368
33.900000	176.184186
34.000000	175.914706
34.100000	175.978114
34.200000	176.041520
34.300000	175.740338
34.400000	175.359896
34.500000	175.534266
34.600000	175.407452
34.700000	175.042862
34.800000	174.535606
34.900000	174.266126
35.000000	174.091758
35.100000	173.917389
35.200000	174.028352
35.300000	173.996647
35.400000	173.711316
35.500000	173.219913
35.600000	172.918731
35.700000	172.696806
35.800000	172.649251
35.900000	172.554141
36.000000	172.474881
36.100000	172.300513
36.200000	172.316364
36.300000	172.046885
36.400000	171.840813
36.500000	171.539630
36.600000	171.492074
36.700000	171.745702
36.800000	171.729851
36.900000	171.333557
37.000000	170.842155
37.100000	170.636081
37.200000	170.414158
37.300000	170.160530
37.400000	169.970308
37.500000	170.112974
37.600000	170.509267
37.700000	170.731192
37.800000	170.445861
37.900000	170.176382
38.000000	170.255639
38.100000	170.239788
38.200000	169.875199
38.300000	168.924095
38.400000	168.147360
38.500000	167.925437
38.600000	168.004694
38.700000	168.210768
38.800000	168.369285
38.900000	168.147360
39.000000	167.687660
39.100000	167.085295
39.200000	166.578040
39.300000	166.308560
39.400000	166.150043
39.500000	166.007378
39.600000	165.991526
39.700000	165.579381
39.800000	165.119680
39.900000	164.866052
40.000000	164.755091
40.100000	164.850200
40.200000	165.024571
40.300000	165.198939
40.400000	164.818497
40.500000	164.121021
40.600000	163.502805
40.700000	163.280880
40.800000	163.011400
40.900000	162.757773
41.000000	162.519998
41.100000	162.329776
41.200000	162.187111
41.300000	161.949334
41.400000	161.933483
41.500000	161.759114
41.600000	161.553042
41.700000	161.220155
41.800000	161.014083
41.900000	160.633642
42.000000	160.617790
42.100000	160.395865
42.200000	160.110534
42.300000	159.952017
42.400000	159.793500
42.500000	159.745944
42.600000	159.397207
42.700000	159.143579
42.800000	158.842396
42.900000	158.572917
43.000000	158.287586
43.100000	158.144920
43.200000	157.859589
43.300000	157.796182
43.400000	157.716924
43.500000	157.542555
43.600000	157.193816
43.700000	156.924337
43.800000	156.718265
43.900000	156.702412
44.000000	156.765820
44.100000	156.464637
44.200000	155.893975
44.300000	155.576940
44.400000	155.672051
44.500000	155.830568
44.600000	155.687902
44.700000	154.927020
44.800000	154.530727
44.900000	154.388061
45.000000	154.150285
45.100000	153.627177
45.200000	153.484512
45.300000	153.373549
45.400000	153.341846
45.500000	153.151626
45.600000	152.882147
45.700000	152.454150
45.800000	152.152968
45.900000	151.899340
46.000000	151.392084
46.100000	151.217715
46.200000	151.011642
46.300000	150.821422
46.400000	150.377574
46.500000	150.187352
46.600000	149.965429
46.700000	149.886170
46.800000	149.616690
46.900000	149.299656
47.000000	149.030177
47.100000	148.839957
47.200000	148.713143
47.300000	148.411958
47.400000	148.221738
47.500000	148.094924
47.600000	147.888853
47.700000	147.413300
47.800000	147.080414
47.900000	146.795083
48.000000	146.652418
48.100000	146.414642
48.200000	146.303679
48.300000	146.113459
48.400000	145.843980
48.500000	145.558649
48.600000	145.368427
48.700000	145.130652
48.800000	144.940430
48.900000	144.813616
49.000000	144.480731
49.100000	144.195400
49.200000	143.862514
49.300000	143.577183
49.400000	143.275999
49.500000	143.085779
49.600000	142.784596
49.700000	142.546820
49.800000	142.245637
49.900000	142.087120
50.000000	141.817641
50.100000	141.659124
50.200000	141.437199
50.300000	141.231127
50.400000	141.516458
50.500000	142.023713
50.600000	142.277340
50.700000	142.277340
50.800000	142.039564
50.900000	141.627419
51.000000	141.373793
51.100000	140.818982
51.200000	139.915433
51.300000	138.853367
51.400000	138.393667
51.500000	138.076633
51.600000	137.886411
51.700000	137.680340
51.800000	137.474266
51.900000	137.252343
52.000000	137.188935
52.100000	136.967012
52.200000	136.491460
52.300000	136.253685
52.400000	136.095166
52.500000	136.126871
52.600000	135.683021
52.700000	135.223322
52.800000	134.795325
52.900000	134.605105
53.000000	134.367329
53.100000	134.161255
53.200000	133.844221
53.300000	133.574742
53.400000	133.289411
53.500000	132.972377
53.600000	132.702897
53.700000	132.544380
53.800000	132.480972
53.900000	132.465121
54.000000	132.084679
54.100000	131.466462
54.200000	131.165280
54.300000	130.784838
54.400000	130.626321
54.500000	130.293434
54.600000	130.087362
54.700000	129.912993
54.800000	129.802031
54.900000	129.469145
55.000000	129.215518
55.100000	128.771668
55.200000	128.629002
55.300000	128.644856
55.400000	128.613151
55.500000	128.216857
55.600000	127.646195
55.700000	127.582789
55.800000	127.281607
55.900000	126.726796
56.000000	126.520723
56.100000	126.599982
56.200000	126.251243
56.300000	125.696433
56.400000	125.141623
56.500000	124.856292
56.600000	124.666071
56.700000	124.602664
56.800000	124.444147
56.900000	124.333184
57.000000	124.016150
57.100000	123.477191
57.200000	123.207712
57.300000	122.763864
57.400000	122.351719
57.500000	122.050536
57.600000	121.987128
57.700000	122.288313
57.800000	122.732161
57.900000	122.732161
58.000000	122.367570
58.100000	121.495726
58.200000	120.639733
58.300000	120.433660
58.400000	120.354402
58.500000	119.720332
58.600000	119.213076
58.700000	118.864339
58.800000	118.594860
58.900000	118.214418
59.000000	117.833976
59.100000	117.723015
59.200000	117.453536
59.300000	117.152351
59.400000	116.930428
59.500000	116.898725
59.600000	116.565838
59.700000	116.201249
59.800000	115.630586
59.900000	115.250145
60.000000	114.933110
60.100000	114.679483
60.200000	114.362448
60.300000	114.029562
60.400000	113.807637
60.500000	113.649120
60.600000	113.522306
60.700000	113.110161
60.800000	112.745573
60.900000	112.396834
61.000000	111.937134
61.100000	111.604247
61.200000	111.382324
61.300000	111.144547
61.400000	111.192102
61.500000	111.033585
61.600000	110.748254
61.700000	110.526331
61.800000	110.256851
61.900000	109.892261
62.000000	109.892261
62.100000	109.480116
62.200000	108.972860
62.300000	108.592420
62.400000	108.338792
62.500000	108.021756
62.600000	107.546205
62.700000	107.324280
62.800000	106.880432
62.900000	106.626804
63.000000	106.341473
63.100000	106.325622
63.200000	106.040291
63.300000	105.564740
63.400000	105.120890
63.500000	104.898967
63.600000	104.486822
63.700000	104.264897
63.800000	104.027122
63.900000	103.646680
64.000000	103.488163
64.100000	103.694235
64.200000	103.662532
64.300000	103.060167
64.400000	102.267580
64.500000	101.776176
64.600000	101.522548
64.700000	101.221365
64.800000	101.015294
64.900000	100.571446
65.000000	100.317818
65.100000	100.048338
65.200000	99.842265
65.300000	99.509379
65.400000	99.255752
65.500000	98.922866
65.600000	98.637535
65.700000	98.114428
65.800000	97.955910
65.900000	97.844948
66.000000	97.369395
66.100000	96.862141
66.200000	96.370737
66.300000	96.339034
66.400000	96.465848
66.500000	96.798733
66.600000	96.973104
66.700000	96.862141
66.800000	96.228071
66.900000	95.356227
67.000000	94.294161
67.100000	93.739350
67.200000	93.295502
67.300000	93.010171
67.400000	92.677284
67.500000	92.407804
67.600000	91.932253
67.700000	91.615219
67.800000	91.409146
67.900000	91.266480
68.000000	90.886038
68.100000	90.458042
68.200000	90.267822
68.300000	89.982491
68.400000	89.617901
68.500000	89.094795
68.600000	88.809462
68.700000	88.555836
68.800000	88.444873
68.900000	88.175394
69.000000	87.794952
69.100000	87.351104
69.200000	87.018219
69.300000	86.653628
69.400000	86.368297
69.500000	86.178075
69.600000	86.067115
69.700000	85.781784
69.800000	85.274528
69.900000	84.846531
70.000000	84.577052
70.100000	84.370979
70.200000	83.958834
70.300000	83.578393
70.400000	83.134544
70.500000	82.896769
70.600000	82.548030
70.700000	82.215145
70.800000	81.850554
70.900000	81.644483
71.000000	81.311595
71.100000	81.042116
71.200000	80.677527
71.300000	80.328788
71.400000	80.011754
71.500000	79.758126
71.600000	79.710572
71.700000	79.361833
71.800000	78.902133
71.900000	78.521692
72.000000	78.125398
72.100000	77.744956
72.200000	77.586439
72.300000	77.301108
72.400000	77.554736
72.500000	77.602291
72.600000	77.269405
72.700000	76.460967
72.800000	75.620825
72.900000	75.208680
73.000000	74.590464
73.100000	74.178319
73.200000	73.908839
73.300000	73.607657
73.400000	73.354029
73.500000	73.116252
73.600000	72.688256
73.700000	72.418777
73.800000	72.085891
73.900000	71.832263
74.000000	71.483524
74.100000	71.166490
74.200000	70.928714
74.300000	70.627531
74.400000	70.262941
74.500000	69.834944
74.600000	69.644724
74.700000	69.359393
74.800000	68.757027
74.900000	68.186365
75.000000	67.901034
75.100000	67.568148
75.200000	67.314520
75.300000	66.823116
75.400000	66.426824
75.500000	66.173196
75.600000	65.887865
75.700000	65.364758
75.800000	64.873353
75.900000	64.508765
76.000000	64.144174
76.100000	63.985657
76.200000	63.589364
76.300000	63.335736
76.400000	63.018702
76.500000	62.765074
76.600000	62.321226
76.700000	61.956636
76.800000	61.703008
76.900000	61.718861
77.000000	61.481085
77.100000	60.862866
77.200000	60.672646
77.300000	60.593387
77.400000	60.133687
77.500000	59.372805
77.600000	58.976512
77.700000	58.643625
77.800000	58.405850
77.900000	58.088814
78.000000	57.977853
78.100000	57.534004
78.200000	57.074304
78.300000	56.630456
78.400000	56.202460
78.500000	55.964683
78.600000	55.758610
78.700000	55.394021
78.800000	54.918468
78.900000	54.791654
79.000000	54.728248
79.100000	54.379511
79.200000	54.110032
79.300000	54.030772
79.400000	53.618627
79.500000	53.016262
79.600000	52.461452
79.700000	52.049307
79.800000	51.637162
79.900000	51.415237
80.000000	51.304275
80.100000	50.955538
80.200000	50.543393
80.300000	50.511690
80.400000	50.907981
80.500000	51.003092
80.600000	50.733613
80.700000	49.925174
80.800000	48.878961
80.900000	48.213188
81.000000	47.880303
81.100000	47.452305
81.200000	47.135271
81.300000	46.786533
81.400000	46.501202
81.500000	46.184167
81.600000	45.740319
81.700000	45.470839
81.800000	45.058694
81.900000	44.820918
82.000000	44.488032
82.100000	43.996628
82.200000	43.552780
82.300000	43.267449
82.400000	42.887007
82.500000	42.585824
82.600000	42.110273
82.700000	41.840794
82.800000	41.476204
82.900000	41.190873
83.000000	41.143318
83.100000	40.905542
83.200000	40.429990
83.300000	39.891032
83.400000	39.510590
83.500000	39.035039
83.600000	38.765559
83.700000	38.400969
83.800000	38.083935
83.900000	37.687641
84.000000	37.291348
84.100000	36.910906
84.200000	36.657278
84.300000	36.482910
84.400000	36.023210
84.500000	35.817137
84.600000	35.801285
84.700000	35.658620
84.800000	35.024551
84.900000	34.390482
85.000000	33.867374
85.100000	33.645451
85.200000	33.360120
85.300000	33.138195
85.400000	32.726050
85.500000	32.298054
85.600000	32.012723
85.700000	31.521319
85.800000	31.077471
85.900000	30.760436
86.000000	30.364143
86.100000	30.031256
86.200000	29.714222
86.300000	29.302077
86.400000	29.064300
86.500000	28.715563
86.600000	28.778969
86.700000	28.953340
86.800000	29.460594
86.900000	29.745925
87.000000	29.634964
87.100000	28.921635
87.200000	27.843719
87.300000	26.559728
87.400000	25.830549
87.500000	25.323293
87.600000	24.816039
87.700000	24.467300
87.800000	24.007600
87.900000	24.007600
88.000000	23.912489
88.100000	23.801527
88.200000	23.294273
88.300000	22.565092
88.400000	22.168800
88.500000	21.851765
88.600000	21.296954
88.700000	20.773847
88.800000	20.425110
88.900000	20.092224
89.000000	19.981261
89.100000	19.616671
89.200000	19.172823
89.300000	18.713124
89.400000	18.586310
89.500000	18.380236
89.600000	17.872982
89.700000	17.397429
89.800000	17.207209
89.900000	16.874322
90.000000	16.462177
90.100000	16.240254
90.200000	16.065884
90.300000	15.891515
90.400000	15.400112
90.500000	14.655080
90.600000	14.290491
90.700000	14.052715
90.800000	13.545459
90.900000	13.165017
91.000000	12.737021
91.100000	12.467541
91.200000	12.087101
91.300000	11.738362
91.400000	11.357921
91.500000	11.040886
91.600000	10.771407
91.700000	10.470224
91.800000	10.153190
91.900000	9.772749
92.000000	9.439863
92.100000	8.996013
92.200000	8.678979
92.300000	8.314389
92.400000	8.060763
92.500000	7.601061
92.600000	7.236473
92.700000	7.125510
92.800000	7.157213
92.900000	6.887734
93.000000	6.221961
93.100000	5.556188
93.200000	5.223303
93.300000	5.619596
93.400000	6.221961
93.500000	6.538997
93.600000	6.459737
93.700000	6.079295
93.800000	5.159896
93.900000	3.828351
94.000000	2.591916
94.100000	1.973699
94.200000	1.593257
94.300000	1.323778
94.400000	0.848225
94.500000	0.848225
94.600000	0.895781
94.700000	0.642153
94.800000	-0.087026
94.900000	-0.879612
95.000000	-1.212500
95.100000	-1.592940
95.200000	-1.909976
95.300000	-2.306267
95.400000	-2.718412
95.500000	-3.146409
95.600000	-3.352482
95.700000	-3.479296
95.800000	-3.273223
95.900000	-3.035448
96.000000	-3.003743
96.100000	-3.384185
96.200000	-4.398697
96.300000	-5.333948
96.400000	-5.809500
96.500000	-6.126534
96.600000	-6.570382
96.700000	-6.744753
96.800000	-6.998379
96.900000	-7.521486
97.000000	-8.218962
97.100000	-8.646959
97.200000	-8.884735
97.300000	-8.710367
97.400000	-8.789624
97.500000	-9.265177
97.600000	-9.915097
97.700000	-10.026059
97.800000	-10.184576
97.900000	-10.802794
98.000000	-11.452716
98.100000	-11.975821
98.200000	-12.197746
98.300000	-12.657446
98.400000	-13.196405
98.500000	-13.671958
98.600000	-13.988992
98.700000	-14.353582
98.800000	-14.670616
98.900000	-15.003502
99.000000	-15.352240
99.100000	-15.748534
99.200000	-15.970457
99.300000	-16.430158
99.400000	-16.874006
99.500000	-17.175189
99.600000	-17.603184
99.700000	-17.920218
99.800000	-18.284808
99.900000	-18.601842
100.000000	-19.029839
100.100000	-19.251763
100.200000	-19.663908
100.300000	-19.885833
100.400000	-20.297978
100.500000	-20.662567
100.600000	-20.963749
100.700000	-21.280785
100.800000	-21.613671
100.900000	-21.851447
101.000000	-22.311147
101.100000	-23.008623
101.200000	-23.357361
101.300000	-23.706099
101.400000	-23.832913
101.500000	-24.118244
101.600000	-24.260909
101.700000	-24.641351
101.800000	-24.784016
101.900000	-24.815720
102.000000	-24.879127
102.100000	-25.291272
102.200000	-26.004600
102.300000	-26.702076
102.400000	-27.193478
102.500000	-27.589772
102.600000	-27.922659
102.700000	-28.144582
102.800000	-28.667690
102.900000	-29.079835
103.000000	-29.396869
103.100000	-29.634645
103.200000	-29.983384
103.300000	-30.332121
103.400000	-30.823525
103.500000	-31.093005
103.600000	-31.505150
103.700000	-31.869738
103.800000	-32.202626
103.900000	-32.044107
104.000000	-31.457593
104.100000	-31.140559
104.200000	-31.140559
104.300000	-31.616110
104.400000	-32.598917
104.500000	-34.057277
104.600000	-34.913270
104.700000	-35.499784
104.800000	-35.721708
104.900000	-35.991188
105.000000	-36.133853
105.100000	-36.355778
105.200000	-36.482592
105.300000	-36.767923
105.400000	-37.481251
105.500000	-37.988505
105.600000	-38.321392
105.700000	-38.654278
105.800000	-39.003017
105.900000	-39.224940
106.000000	-39.462716
106.100000	-39.843158
106.200000	-40.350414
106.300000	-40.683299
106.400000	-41.174702
106.500000	-41.428330
106.600000	-41.840475
106.700000	-41.903883
106.800000	-41.444182
106.900000	-40.905224
107.000000	-40.699151
107.100000	-40.905224
107.200000	-41.523441
107.300000	-42.490396
107.400000	-43.314686
107.500000	-44.297493
107.600000	-45.042524
107.700000	-44.868155
107.800000	-44.012162
107.900000	-43.489055
108.000000	-43.267132
108.100000	-43.679277
108.200000	-44.614527
108.300000	-45.961924
108.400000	-47.531245
108.500000	-48.006798
108.600000	-48.260426
108.700000	-48.767680
108.800000	-49.306639
108.900000	-49.576118
109.000000	-50.099226
109.100000	-50.590630
109.200000	-50.828405
109.300000	-51.034478
109.400000	-51.335660
109.500000	-51.684398
109.600000	-51.731954
109.700000	-51.573437
109.800000	-51.319809
109.900000	-51.272254
110.000000	-51.462474
110.100000	-52.159950
110.200000	-53.158609
110.300000	-54.379192
110.400000	-54.902300
110.500000	-55.346148
110.600000	-55.694885
110.700000	-55.885106
110.800000	-56.233844
110.900000	-56.503323
111.000000	-56.883765
111.100000	-57.137393
111.200000	-57.517835
111.300000	-57.819017
111.400000	-58.294568
111.500000	-58.595751
111.600000	-58.992044
111.700000	-59.404189
111.800000	-59.705372
111.900000	-60.006556
112.000000	-60.244331
112.100000	-60.640624
112.200000	-60.910104
112.300000	-60.973511
112.400000	-61.132028
112.500000	-61.797801
112.600000	-62.289204
112.700000	-62.653794
112.800000	-62.939125
112.900000	-63.272011
113.000000	-63.573193
113.100000	-63.842673
113.200000	-64.143857
113.300000	-64.397483
113.400000	-64.777925
113.500000	-65.094959
113.600000	-65.522957
113.700000	-65.903398
113.800000	-66.267988
113.900000	-66.521616
114.000000	-66.822798
114.100000	-67.155684
114.200000	-67.472720
114.300000	-67.916568
114.400000	-68.233602
114.500000	-68.661598
114.600000	-69.010337
114.700000	-69.248112
114.800000	-69.470037
114.900000	-69.802924
115.000000	-70.040699
115.100000	-70.357734
115.200000	-70.785731
115.300000	-71.197876
115.400000	-71.403948
115.500000	-71.720982
115.600000	-72.101423
115.700000	-72.339200
115.800000	-72.783048
115.900000	-73.004973
116.000000	-73.417118
116.100000	-73.781706
116.200000	-74.067037
116.300000	-74.288962
116.400000	-74.574293
116.500000	-74.970587
116.600000	-75.414435
116.700000	-75.826580
116.800000	-75.969245
116.900000	-76.207021
117.000000	-76.508204
117.100000	-76.952052
117.200000	-77.158125
117.300000	-77.506863
117.400000	-77.919007
117.500000	-78.140932
117.600000	-78.553077
117.700000	-78.854260
117.800000	-79.234702
117.900000	-79.567587
118.000000	-79.979732
118.100000	-80.154101
118.200000	-80.138249
118.300000	-80.058992
118.400000	-80.074843
118.500000	-80.265063
118.600000	-80.835725
118.700000	-81.818532
118.800000	-82.405047
118.900000	-82.817192
119.000000	-83.086672
119.100000	-83.419557
119.200000	-83.799999
119.300000	-84.180439
119.400000	-84.481624
119.500000	-84.846212
119.600000	-85.052286
119.700000	-85.432728
119.800000	-85.765613
119.900000	-86.066796
120.000000	-86.447238
120.100000	-86.716717
120.200000	-87.160565
120.300000	-87.461748
120.400000	-87.794635
120.500000	-88.048261
120.600000	-88.286037
120.700000	-88.492111
120.800000	-88.793293
120.900000	-89.110327
121.000000	-89.427361
121.100000	-89.807803
121.200000	-90.013877
121.300000	-90.410170
121.400000	-90.854018
121.500000	-91.202755
121.600000	-91.424680
121.700000	-91.852677
121.800000	-92.138008
121.900000	-92.359932
122.000000	-92.391635
122.100000	-92.185562
122.200000	-92.106304
122.300000	-92.138008
122.400000	-92.502598
122.500000	-93.215925
122.600000	-94.262138
122.700000	-94.880357
122.800000	-95.276650
122.900000	-95.451019
123.000000	-95.815609
123.100000	-96.132643
123.200000	-96.481380
123.300000	-96.782564
123.400000	-97.036191
123.500000	-97.400781
123.600000	-97.654409
123.700000	-97.908037
123.800000	-98.098257
123.900000	-98.446996
124.000000	-98.764030
124.100000	-99.144472
124.200000	-99.223729
124.300000	-99.461506
124.400000	-99.968762
124.500000	-100.333350
124.600000	-100.682089
124.700000	-100.935717
124.800000	-101.347862
124.900000	-101.633193
125.000000	-101.553934
125.100000	-101.221048
125.200000	-101.268603
125.300000	-101.506379
125.400000	-102.235558
125.500000	-102.790369
125.600000	-103.028145
125.700000	-103.345179
125.800000	-103.884138
125.900000	-104.438948
126.000000	-104.835242
126.100000	-105.168127
126.200000	-105.405904
126.300000	-105.659532
126.400000	-105.849752
126.500000	-106.246045
126.600000	-106.594784
126.700000	-106.880115
126.800000	-107.133741
126.900000	-107.419074
127.000000	-107.783663
127.100000	-108.084845
127.200000	-108.449435
127.300000	-108.750618
127.400000	-109.020097
127.500000	-109.194466
127.600000	-109.543205
127.700000	-109.780981
127.800000	-110.129718
127.900000	-110.240681
128.000000	-110.288235
128.100000	-110.732083
128.200000	-111.271042
128.300000	-111.572227
128.400000	-111.857558
128.500000	-112.158740
128.600000	-112.412368
128.700000	-112.729402
128.800000	-112.872068
128.900000	-113.173250
129.000000	-113.506137
129.100000	-113.839023
129.200000	-114.203613
129.300000	-114.504796
129.400000	-114.726719
129.500000	-115.107161
129.600000	-115.440048
129.700000	-115.741231
129.800000	-116.089968
129.900000	-116.311893
130.000000	-116.644778
130.100000	-116.819147
130.200000	-117.072775
130.300000	-117.373959
130.400000	-117.738548
130.500000	-118.071435
130.600000	-118.293358
130.700000	-118.483580
130.800000	-118.737206
130.900000	-119.181056
131.000000	-119.561496
131.100000	-119.910235
131.200000	-120.068752
131.300000	-120.385786
131.400000	-120.639414
131.500000	-120.956448
131.600000	-121.194224
131.700000	-121.527112
131.800000	-121.812443
131.900000	-122.050217
132.000000	-122.494067
132.100000	-122.715990
132.200000	-122.731842
132.300000	-122.826953
132.400000	-123.286652
132.500000	-123.682946
132.600000	-124.015833
132.700000	-124.190201
132.800000	-124.491384
132.900000	-124.697456
133.000000	-124.887677
133.100000	-124.665753
133.200000	-124.412125
133.300000	-124.475532
133.400000	-124.887677
133.500000	-125.299822
133.600000	-125.521745
133.700000	-126.092409
133.800000	-126.837440
133.900000	-127.439805
134.000000	-127.661730
134.100000	-128.073875
134.200000	-128.438465
134.300000	-128.707943
134.400000	-128.929868
134.500000	-129.135941
134.600000	-129.215199
134.700000	-129.135941
134.800000	-129.183495
134.900000	-129.342012
135.000000	-130.134599
135.100000	-130.705261
135.200000	-131.228369
135.300000	-131.386886
135.400000	-131.402737
135.500000	-131.434440
135.600000	-131.799031
135.700000	-132.179473
135.800000	-132.258730
135.900000	-132.528210
136.000000	-132.829392
136.100000	-133.352500
136.200000	-133.685385
136.300000	-134.049976
136.400000	-134.287752
136.500000	-134.604786
136.600000	-134.858414
136.700000	-135.143745
136.800000	-135.318113
136.900000	-135.555890
137.000000	-135.777815
137.100000	-135.952183
137.200000	-136.269217
137.300000	-136.506994
137.400000	-136.839879
137.500000	-137.109359
137.600000	-137.299581
137.700000	-137.489801
137.800000	-137.759280
137.900000	-137.917797
138.000000	-138.266536
138.100000	-138.551867
138.200000	-138.773790
138.300000	-139.027418
138.400000	-139.249343
138.500000	-139.328601
138.600000	-139.170084
138.700000	-139.201787
138.800000	-139.645636
138.900000	-140.390667
139.000000	-140.771109
139.100000	-140.882071
139.200000	-140.517481
139.300000	-140.406518
139.400000	-140.454073
139.500000	-140.675998
139.600000	-141.199105
139.700000	-141.912433
139.800000	-142.514798
139.900000	-142.974499
140.000000	-143.307385
140.100000	-143.481753
140.200000	-143.767084
140.300000	-143.941454
140.400000	-144.242637
140.500000	-144.496265
140.600000	-144.876705
140.700000	-145.098630
140.800000	-145.320555
140.900000	-145.479072
141.000000	-145.796106
141.100000	-146.113140
141.200000	-146.350916
141.300000	-146.588693
141.400000	-146.620396
141.500000	-146.652099
141.600000	-146.874024
141.700000	-147.428834
141.800000	-147.539797
141.900000	-147.238612
142.000000	-147.032541
142.100000	-147.159355
142.200000	-147.476389
142.300000	-148.094607
142.400000	-148.823786
142.500000	-149.204228
142.600000	-149.505410
142.700000	-149.774890
142.800000	-150.012666
142.900000	-150.060221
143.000000	-149.727334
143.100000	-149.172523
143.200000	-148.871341
143.300000	-148.792083
143.400000	-149.251783
143.500000	-150.187035
143.600000	-151.391767
143.700000	-151.930724
143.800000	-151.962429
143.900000	-151.962429
144.000000	-152.073389
144.100000	-152.580645
144.200000	-153.151307
144.300000	-153.721969
144.400000	-153.864635
144.500000	-154.070708
144.600000	-154.197522
144.700000	-154.467001
144.800000	-154.673073
144.900000	-154.815739
145.000000	-154.704776
145.100000	-154.371891
145.200000	-154.102411
145.300000	-153.769526
145.400000	-153.769526
145.500000	-154.102411
145.600000	-154.974256
145.700000	-156.004619
145.800000	-156.606984
145.900000	-156.828909
146.000000	-157.193497
146.100000	-157.383719
146.200000	-157.637347
146.300000	-157.637347
146.400000	-157.589791
146.500000	-157.510533
146.600000	-157.478830
146.700000	-157.780013
146.800000	-158.112898
146.900000	-158.287267
147.000000	-158.303118
147.100000	-158.620154
147.200000	-159.111557
147.300000	-159.745627
147.400000	-160.078512
147.500000	-160.490657
147.600000	-160.728433
147.700000	-160.902802
147.800000	-160.078512
147.900000	-158.762820
148.000000	-157.795864
148.100000	-157.066685
148.200000	-156.828909
148.300000	-156.860612
148.400000	-157.558088
148.500000	-158.540895
148.600000	-160.141920
148.700000	-161.742943
148.800000	-162.709899
148.900000	-163.106192
149.000000	-163.502486
149.100000	-163.787817
149.200000	-164.025593
149.300000	-164.199962
149.400000	-164.453590
149.500000	-164.738921
149.600000	-164.913289
149.700000	-165.246176
149.800000	-165.341286
149.900000	-165.658321
150.000000	-165.800987
150.100000	-165.975355
150.200000	-166.007059
150.300000	-166.213132
150.400000	-166.387500
150.500000	-166.609425
150.600000	-166.799645
150.700000	-166.989865
150.800000	-167.148383
150.900000	-167.243493
151.000000	-167.481270
151.100000	-167.687341
151.200000	-167.988526
151.300000	-168.099486
151.400000	-168.289708
151.500000	-168.368966
151.600000	-168.654297
151.700000	-168.701853
151.800000	-168.828667
151.900000	-169.145701
152.000000	-169.478587
152.100000	-169.763918
152.200000	-169.922436
152.300000	-170.080953
152.400000	-170.191914
152.500000	-170.477247
152.600000	-170.604059
152.700000	-170.667467
152.800000	-170.715022
152.900000	-171.047909
153.000000	-171.238129
153.100000	-171.507608
153.200000	-171.713680
153.300000	-171.808791
153.400000	-171.983160
153.500000	-172.284344
153.600000	-172.490415
153.700000	-172.664784
153.800000	-172.791598
153.900000	-172.902560
154.000000	-173.219594
154.100000	-173.346408
154.200000	-173.520779
154.300000	-173.615888
154.400000	-173.631739
154.500000	-173.552482
154.600000	-173.710999
154.700000	-174.091441
154.800000	-174.535289
154.900000	-174.646251
155.000000	-175.010840
155.100000	-175.391282
155.200000	-175.359579
155.300000	-175.343727
155.400000	-175.248616
155.500000	-175.105951
155.600000	-174.979137
155.700000	-175.248616
155.800000	-175.676613
155.900000	-175.977795
156.000000	-176.009500
156.100000	-176.183868
156.200000	-176.485051
156.300000	-176.881344
156.400000	-177.103268
156.500000	-177.356895
156.600000	-177.547117
156.700000	-177.784892
156.800000	-178.038520
156.900000	-178.149482
157.000000	-178.339702
157.100000	-178.355554
157.200000	-178.355554
157.300000	-178.228742
157.400000	-178.355554
157.500000	-178.751847
157.600000	-179.259103
157.700000	-179.401769
157.800000	-179.576137
157.900000	-179.972431
158.000000	-180.352873
158.100000	-180.495538
158.200000	-180.384576
158.300000	-180.368724
158.400000	-180.352873
158.500000	-180.305318
158.600000	-180.226059
158.700000	-180.527241
158.800000	-180.812572
158.900000	-181.050349
159.000000	-181.256420
159.100000	-181.494197
159.200000	-181.589307
159.300000	-181.652714
159.400000	-181.763676
159.500000	-181.874638
159.600000	-182.033155
159.700000	-182.223376
159.800000	-182.461152
159.900000	-182.556263
160.000000	-182.841594
160.100000	-182.952556
160.200000	-183.095222
160.300000	-183.158628
160.400000	-182.984259
160.500000	-182.413597
160.600000	-182.096563
160.700000	-182.033155
160.800000	-182.461152
160.900000	-183.269590
161.000000	-184.046326
161.100000	-184.347508
161.200000	-184.490174
161.300000	-184.648691
161.400000	-184.712097
161.500000	-184.585285
161.600000	-184.268249
161.700000	-184.284100
161.800000	-184.696245
161.900000	-185.377870
162.000000	-185.647349
162.100000	-185.885126
162.200000	-185.964385
162.300000	-186.154605
162.400000	-186.233863
162.500000	-186.249716
162.600000	-186.360677
162.700000	-186.328974
162.800000	-186.344825
162.900000	-186.281419
163.000000	-186.566750
163.100000	-186.947192
163.200000	-187.248374
163.300000	-187.280077
163.400000	-187.454446
163.500000	-187.486151
163.600000	-187.676371
163.700000	-187.771482
163.800000	-187.819036
163.900000	-187.866591
164.000000	-187.977553
164.100000	-188.151922
164.200000	-188.294587
164.300000	-188.310439
164.400000	-188.104367
164.500000	-188.183627
164.600000	-188.421401
164.700000	-188.833546
164.800000	-189.103026
164.900000	-189.435913
165.000000	-189.594430
165.100000	-189.768799
165.200000	-189.943167
165.300000	-189.657836
165.400000	-189.039620
165.500000	-188.722584
165.600000	-188.706732
165.700000	-188.928657
165.800000	-189.626133
165.900000	-190.450423
166.000000	-190.402868
166.100000	-189.594430
166.200000	-188.865249
166.300000	-188.484809
166.400000	-188.690881
166.500000	-189.166434
166.600000	-189.848058
166.700000	-189.848058
166.800000	-189.641985
166.900000	-189.610282
167.000000	-189.911464
167.100000	-190.577237
167.200000	-191.084493
167.300000	-191.322268
167.400000	-191.496638
167.500000	-191.655155
167.600000	-191.671006
167.700000	-192.099003
167.800000	-192.511148
167.900000	-192.733071
168.000000	-192.653813
168.100000	-192.336779
168.200000	-191.797820
168.300000	-191.560044
168.400000	-191.639303
168.500000	-192.162409
168.600000	-192.891590
168.700000	-193.081810
168.800000	-192.859885
168.900000	-192.653813
169.000000	-192.653813
169.100000	-192.447740
169.200000	-192.336779
169.300000	-192.336779
169.400000	-192.637962
169.500000	-192.637962
169.600000	-192.305075
169.700000	-191.750264
169.800000	-191.671006
169.900000	-191.924634
170.000000	-192.764776
170.100000	-193.826840
170.200000	-194.476762
170.300000	-194.777944
170.400000	-194.873055
170.500000	-194.984018
170.600000	-194.968166
170.700000	-194.936461
170.800000	-194.999869
170.900000	-195.285200
171.000000	-195.348606
171.100000	-195.459569
171.200000	-195.507125
171.300000	-195.618086
171.400000	-195.633937
171.500000	-195.744900
171.600000	-195.744900
171.700000	-195.792456
171.800000	-195.871714
171.900000	-196.014379
172.000000	-196.141193
172.100000	-196.157045
172.200000	-196.188748
172.300000	-196.188748
172.400000	-196.299710
172.500000	-195.824159
172.600000	-196.157045
172.700000	-195.776603
172.800000	-195.396163
172.900000	-195.221792
173.000000	-195.205941
173.100000	-195.633937
173.200000	-196.315562
173.300000	-196.902077
173.400000	-197.076445
173.500000	-197.219111
173.600000	-197.298369
173.700000	-197.266666
173.800000	-197.108149
173.900000	-197.155703
174.000000	-197.377628
174.100000	-197.536145
174.200000	-197.631256
174.300000	-197.821476
174.400000	-197.869032
174.500000	-197.900735
174.600000	-197.932438
174.700000	-198.059252
174.800000	-198.138512
174.900000	-198.059252
175.000000	-198.201918
175.100000	-198.265324
175.200000	-198.360435
175.300000	-198.392138
175.400000	-198.518952
175.500000	-198.582360
175.600000	-198.740877
175.700000	-198.693322
175.800000	-198.725025
175.900000	-198.788431
176.000000	-198.899394
176.100000	-199.121319
176.200000	-199.057911
176.300000	-199.057911
176.400000	-199.137170
176.500000	-199.248133
176.600000	-199.121319
176.700000	-199.105467
176.800000	-199.168873
176.900000	-199.470056
177.000000	-199.660278
177.100000	-199.581018
177.200000	-199.470056
177.300000	-199.216428
177.400000	-198.518952
177.500000	-197.964142
177.600000	-197.884884
177.700000	-198.122659
177.800000	-199.026208
177.900000	-199.549315
178.000000	-199.755387
178.100000	-199.866349
178.200000	-199.945609
178.300000	-199.945609
178.400000	-199.913904
178.500000	-199.913904
178.600000	-199.929757
178.700000	-200.104126
178.800000	-200.437011
178.900000	-200.722342
179.000000	-200.643085
179.100000	-200.532122
179.200000	-200.373605
179.300000	-200.326049
179.400000	-200.104126
179.500000	-199.977312
179.600000	-200.215088
179.700000	-200.389457
179.800000	-200.500419
179.900000	-200.484567
180.000000	-200.595528
180.100000	-200.547974
180.200000	-200.627233
180.300000	-200.706491
180.400000	-200.754045
180.500000	-200.769898
180.600000	-200.722342
180.700000	-200.769898
180.800000	-200.817453
180.900000	-200.849156
181.000000	-200.674788
181.100000	-200.389457
181.200000	-200.199235
181.300000	-200.341900
181.400000	-200.658936
181.500000	-200.849156
181.600000	-200.912564
181.700000	-200.991822
181.800000	-200.944267
181.900000	-200.817453
182.000000	-200.975970
182.100000	-201.277153
182.200000	-201.499078
182.300000	-201.625891
182.400000	-201.768557
182.500000	-201.419818
182.600000	-201.277153
182.700000	-201.261301
182.800000	-201.229598
182.900000	-201.182043
183.000000	-201.293004
183.100000	-201.372264
183.200000	-201.293004
183.300000	-201.261301
183.400000	-201.102784
183.500000	-200.896711
183.600000	-200.294346
183.700000	-199.977312
183.800000	-199.850498
183.900000	-199.787090
184.000000	-199.802943
184.100000	-199.898052
184.200000	-200.009015
184.300000	-200.009015
184.400000	-200.024866
184.500000	-199.961460
184.600000	-200.009015
184.700000	-200.040718
184.800000	-200.135829
184.900000	-200.151680
185.000000	-200.119977
185.100000	-200.135829
185.200000	-200.151680
185.300000	-200.215088
185.400000	-200.230940
185.500000	-200.326049
185.600000	-200.341900
185.700000	-200.389457
185.800000	-200.437011
185.900000	-200.754045
186.000000	-200.912564
186.100000	-201.229598
186.200000	-201.293004
186.300000	-201.261301
186.400000	-201.293004
186.500000	-201.229598
186.600000	-201.229598
186.700000	-201.166190
186.800000	-201.166190
186.900000	-201.166190
187.000000	-201.150339
187.100000	-201.134487
187.200000	-201.102784
187.300000	-201.039378
187.400000	-200.896711
187.500000	-200.785750
187.600000	-200.595528
187.700000	-200.421160
187.800000	-200.341900
187.900000	-200.643085
188.000000	-200.833305
188.100000	-200.658936
188.200000	-200.341900
188.300000	-200.294346
188.400000	-200.246791
188.500000	-200.357754
188.600000	-200.326049
188.700000	-199.961460
188.800000	-199.676129
188.900000	-199.485907
189.000000	-199.676129
189.100000	-200.135829
189.200000	-200.405308
189.300000	-200.405308
189.400000	-200.437011
189.500000	-200.373605
189.600000	-200.437011
189.700000	-200.516271
189.800000	-200.547974
189.900000	-200.595528
190.000000	-200.484567
190.100000	-200.452863
190.200000	-200.405308
190.300000	-200.246791
190.400000	-199.818795
190.500000	-199.850498
190.600000	-200.294346
190.700000	-200.833305
190.800000	-201.055229
190.900000	-200.865008
191.000000	-200.658936
191.100000	-200.484567
191.200000	-200.563825
191.300000	-200.627233
191.400000	-200.738194
191.500000	-200.468714
191.600000	-199.993163
191.700000	-199.660278
191.800000	-199.707832
191.900000	-199.755387
192.000000	-199.723684
192.100000	-199.818795
192.200000	-199.977312
192.300000	-200.199235
192.400000	-200.104126
192.500000	-199.834646
192.600000	-199.707832
192.700000	-199.802943
192.800000	-199.517612
192.900000	-199.327390
193.000000	-199.137170
193.100000	-199.105467
193.200000	-199.105467
193.300000	-199.057911
193.400000	-199.073762
193.500000	-199.010356
193.600000	-198.994505
193.700000	-198.883542
193.800000	-198.867691
193.900000	-198.804283
194.000000	-198.756728
194.100000	-198.677469
194.200000	-198.582360
194.300000	-198.503100
194.400000	-198.407990
194.500000	-198.392138
194.600000	-198.360435
194.700000	-198.344583
194.800000	-198.265324
194.900000	-198.170215
195.000000	-197.726367
195.100000	-197.298369
195.200000	-196.870372
195.300000	-196.569190
195.400000	-196.537487
195.500000	-196.902077
195.600000	-197.425183
195.700000	-197.615404
195.800000	-197.742218
195.900000	-197.456887
196.000000	-197.377628
196.100000	-197.425183
196.200000	-197.393480
196.300000	-197.330073
196.400000	-197.219111
196.500000	-197.060594
196.600000	-196.791114
196.700000	-196.489932
196.800000	-196.252156
196.900000	-196.014379
197.000000	-195.729048
197.100000	-195.649790
197.200000	-195.570531
197.300000	-195.554680
197.400000	-195.522977
197.500000	-195.570531
197.600000	-195.586383
197.700000	-195.602234
197.800000	-195.633937
197.900000	-195.649790
198.000000	-195.633937
198.100000	-195.522977
198.200000	-195.491272
198.300000	-195.348606
198.400000	-195.158386
198.500000	-195.031572
198.600000	-194.746241
198.700000	-194.238985
198.800000	-194.238985
198.900000	-194.571873
199.000000	-195.316903
199.100000	-195.491272
199.200000	-195.205941
199.300000	-195.047424
199.400000	-194.888907
199.500000	-194.904758
199.600000	-194.809647
199.700000	-194.762093
199.800000	-194.603576
199.900000	-194.556021
200.000000	-194.476762
200.100000	-194.365799
200.200000	-194.191431
200.300000	-193.953654
200.400000	-193.874397
200.500000	-193.810989
200.600000	-193.842692
200.700000	-193.763434
200.800000	-193.715880
200.900000	-193.604917
201.000000	-193.715880
201.100000	-193.509806
201.200000	-192.986699
201.300000	-192.511148
201.400000	-192.384334
201.500000	-192.526999
201.600000	-192.526999
201.700000	-192.542851
201.800000	-192.511148
201.900000	-192.447740
202.000000	-192.384334
202.100000	-192.368482
202.200000	-192.257520
202.300000	-192.146558
202.400000	-191.750264
202.500000	-191.575896
202.600000	-191.560044
202.700000	-191.480785
202.800000	-191.496638
202.900000	-191.496638
203.000000	-191.369824
203.100000	-191.132048
203.200000	-191.084493
203.300000	-190.989382
203.400000	-190.830865
203.500000	-190.640643
203.600000	-190.545534
203.700000	-190.387015
203.800000	-190.260203
203.900000	-190.149241
204.000000	-189.943167
204.100000	-189.657836
204.200000	-189.118877
204.300000	-188.754289
204.400000	-188.500661
204.500000	-188.881103
204.600000	-189.182285
204.700000	-189.309099
204.800000	-189.182285
204.900000	-189.007917
205.000000	-188.912806
205.100000	-188.738437
205.200000	-188.706732
205.300000	-188.564067
205.400000	-188.437253
205.500000	-188.247033
205.600000	-188.183627
205.700000	-188.025108
205.800000	-187.914147
205.900000	-187.723925
206.000000	-187.644668
206.100000	-187.565408
206.200000	-187.502002
206.300000	-187.438594
206.400000	-187.311781
206.500000	-187.216671
206.600000	-187.074006
206.700000	-186.883784
206.800000	-186.598453
206.900000	-186.471639
207.000000	-186.328974
207.100000	-186.313122
207.200000	-186.107050
207.300000	-185.964385
207.400000	-185.869274
207.500000	-185.805866
207.600000	-185.631498
207.700000	-185.472981
207.800000	-185.377870
207.900000	-185.187650
208.000000	-185.044984
208.100000	-184.902319
208.200000	-184.854762
208.300000	-184.743802
208.400000	-184.664542
208.500000	-184.490174
208.600000	-184.363360
208.700000	-184.173140
208.800000	-184.078029
208.900000	-183.919512
209.000000	-183.808549
209.100000	-183.697587
209.200000	-183.507367
209.300000	-183.428107
209.400000	-183.253739
209.500000	-183.190331
209.600000	-183.015962
209.700000	-182.920853
209.800000	-182.778186
209.900000	-182.714780
210.000000	-182.508708
210.100000	-182.397746
210.200000	-182.128266
210.300000	-181.858787
210.400000	-181.827084
210.500000	-181.795379
210.600000	-181.557604
210.700000	-181.335680
210.800000	-181.303976
210.900000	-181.193014
211.000000	-180.907683
211.100000	-180.796721
211.200000	-180.765018
211.300000	-180.606500
211.400000	-180.543093
211.500000	-180.463835
211.600000	-179.988282
211.700000	-179.687100
211.800000	-179.750508
211.900000	-179.702951
212.000000	-179.560286
212.100000	-179.417620
212.200000	-179.322509
212.300000	-179.211549
212.400000	-178.973772
212.500000	-178.846958
212.600000	-178.625033
212.700000	-178.466516
212.800000	-178.307999
212.900000	-178.181185
213.000000	-177.626375
213.100000	-177.293489
213.200000	-177.230082
213.300000	-177.404452
213.400000	-177.277638
213.500000	-177.039861
213.600000	-176.754530
213.700000	-176.627716
213.800000	-176.548457
213.900000	-176.374089
214.000000	-176.278978
214.100000	-176.183868
214.200000	-176.088758
214.300000	-175.850981
214.400000	-175.740020
214.500000	-175.470541
214.600000	-175.264468
214.700000	-175.074248
214.800000	-175.010840
214.900000	-174.836471
215.000000	-174.709657
215.100000	-174.566992
215.200000	-174.376772
215.300000	-174.218255
215.400000	-173.948775
215.500000	-173.885367
215.600000	-173.758553
215.700000	-173.663444
215.800000	-173.393965
215.900000	-173.219594
216.000000	-173.013523
216.100000	-172.696489
216.200000	-171.951456
216.300000	-171.317388
216.400000	-171.032057
216.500000	-171.111315
216.600000	-171.555163
216.700000	-170.350433
216.800000	-167.164236
216.900000	-163.486634
217.000000	-159.919995
217.100000	-156.670392
217.200000	-153.959746
217.300000	-151.708801
217.400000	-150.076072
217.500000	-148.649418
217.600000	-147.951942
217.700000	-147.698314
217.800000	-147.920237
217.900000	-148.696972
218.000000	-149.996813
218.100000	-151.788058
218.200000	-153.991449
218.300000	-156.781353
218.400000	-160.046809
218.500000	-163.914631
218.600000	-166.054615
218.700000	-166.387500
218.800000	-165.690024
218.900000	-164.548700
219.000000	-163.565894
219.100000	-163.169600
219.200000	-163.011083
219.300000	-163.328117
219.400000	-164.152407
219.500000	-165.341286
219.600000	-165.436397
219.700000	-164.627958
219.800000	-163.296414
219.900000	-161.584426
220.000000	-160.284585
220.100000	-159.174965
220.200000	-158.620154
220.300000	-158.461637
220.400000	-158.921337
220.500000	-159.777330
220.600000	-161.188133
220.700000	-162.614790
220.800000	-162.995230
220.900000	-162.995230
221.000000	-162.979378
221.100000	-162.884269
221.200000	-162.757455
221.300000	-162.614790
221.400000	-162.487976
221.500000	-162.361162
221.600000	-162.059979
221.700000	-161.711240
221.800000	-161.108875
221.900000	-160.871099
222.000000	-160.775988
222.100000	-160.696730
222.200000	-160.395548
222.300000	-160.363843
222.400000	-160.332140
222.500000	-160.157771
222.600000	-159.951698
222.700000	-159.618813
222.800000	-159.222519
222.900000	-158.414081
223.000000	-157.859270
223.100000	-157.510533
223.200000	-157.462977
223.300000	-157.383719
223.400000	-157.383719
223.500000	-157.383719
223.600000	-157.225202
223.700000	-156.828909
223.800000	-156.464318
223.900000	-156.194839
224.000000	-155.925360
224.100000	-155.354698
224.200000	-154.688925
224.300000	-154.340188
224.400000	-154.435298
224.500000	-154.974256
224.600000	-155.037663
224.700000	-155.069367
224.800000	-154.609667
224.900000	-153.721969
225.000000	-152.913533
225.100000	-152.612348
225.200000	-152.580645
225.300000	-152.707459
225.400000	-152.929384
225.500000	-153.278121
225.600000	-153.246418
225.700000	-153.056198
225.800000	-152.834273
225.900000	-152.564794
226.000000	-152.216055
226.100000	-151.613690
226.200000	-151.344210
226.300000	-150.932065
226.400000	-150.900362
226.500000	-150.932065
226.600000	-150.805252
226.700000	-150.504069
226.800000	-150.377255
226.900000	-149.917555
227.000000	-149.235931
227.100000	-148.443344
227.200000	-147.920237
227.300000	-147.761720
227.400000	-147.730017
227.500000	-148.189716
227.600000	-148.332382
227.700000	-148.316530
227.800000	-148.173865
227.900000	-147.809276
228.000000	-146.937430
228.100000	-146.160696
228.200000	-145.764403
228.300000	-145.716847
228.400000	-145.986326
228.500000	-146.160696
228.600000	-146.002179
228.700000	-145.700995
228.800000	-145.716847
228.900000	-145.621737
229.000000	-145.304702
229.100000	-144.654782
229.200000	-144.337746
229.300000	-144.369451
229.400000	-144.369451
229.500000	-144.020712
229.600000	-143.703678
229.700000	-143.354939
229.800000	-142.831834
229.900000	-142.514798
230.000000	-142.387984
230.100000	-142.340429
230.200000	-142.039247
230.300000	-141.738064
230.400000	-141.611250
230.500000	-141.484436
230.600000	-141.119846
230.700000	-140.977180
230.800000	-140.660146
230.900000	-140.406518
231.000000	-139.899263
231.100000	-139.392008
231.200000	-138.948160
231.300000	-138.726236
231.400000	-138.884753
231.500000	-138.868901
231.600000	-138.773790
231.700000	-138.155574
231.800000	-137.283727
231.900000	-136.649659
232.000000	-136.427734
232.100000	-136.633808
232.200000	-137.045953
232.300000	-136.887436
232.400000	-136.285069
232.500000	-135.270559
232.600000	-134.620638
232.700000	-134.414566
232.800000	-134.477972
232.900000	-134.953525
233.000000	-134.763303
233.100000	-134.462121
233.200000	-134.002421
233.300000	-133.511017
233.400000	-133.035466
233.500000	-132.845244
233.600000	-132.750135
233.700000	-132.686727
233.800000	-132.544061
233.900000	-132.401396
234.000000	-132.005102
234.100000	-131.244220
234.200000	-130.784519
234.300000	-130.578447
234.400000	-130.721113
234.500000	-130.721113
234.600000	-130.562596
234.700000	-130.118748
234.800000	-129.373716
234.900000	-128.343354
235.000000	-127.962912
235.100000	-127.899506
235.200000	-128.295798
235.300000	-128.723796
235.400000	-128.596982
235.500000	-128.073875
235.600000	-126.995957
235.700000	-126.171667
235.800000	-125.791225
235.900000	-125.902187
236.000000	-126.330184
236.100000	-126.567960
236.200000	-126.377740
236.300000	-126.266778
236.400000	-125.886336
236.500000	-125.125454
236.600000	-124.301164
236.700000	-123.793908
236.800000	-123.524429
236.900000	-123.492725
237.000000	-123.254949
237.100000	-123.064729
237.200000	-123.350060
237.300000	-123.476874
237.400000	-122.969618
237.500000	-122.430659
237.600000	-122.303845
237.700000	-122.367253
237.800000	-122.208734
237.900000	-121.859997
238.000000	-121.812443
238.100000	-121.400298
238.200000	-121.004004
238.300000	-120.607711
238.400000	-120.100455
238.500000	-119.783421
238.600000	-119.498090
238.700000	-119.498090
238.800000	-119.228610
238.900000	-119.070093
239.000000	-118.974982
239.100000	-118.864020
239.200000	-118.198247
239.300000	-117.564179
239.400000	-116.882555
239.500000	-116.628927
239.600000	-116.739889
239.700000	-116.502113
239.800000	-115.899748
239.900000	-115.630268
240.000000	-115.788785
240.100000	-115.868045
240.200000	-115.582714
240.300000	-115.170569
240.400000	-115.043755
240.500000	-114.679164
240.600000	-114.393833
240.700000	-113.839023
240.800000	-113.173250
240.900000	-112.523329
241.000000	-112.333109
241.100000	-112.444071
241.200000	-112.459923
241.300000	-111.936815
241.400000	-111.001563
241.500000	-110.050461
241.600000	-109.479797
241.700000	-109.479797
241.800000	-109.780981
241.900000	-110.399198
242.000000	-110.367495
242.100000	-110.082164
242.200000	-109.780981
242.300000	-109.543205
242.400000	-108.972543
242.500000	-108.306770
242.600000	-107.862922
242.700000	-107.688552
242.800000	-107.767811
242.900000	-107.625146
243.000000	-107.514183
243.100000	-107.133741
243.200000	-106.816707
243.300000	-106.547228
243.400000	-106.388711
243.500000	-106.135083
243.600000	-105.897308
243.700000	-105.516866
243.800000	-105.057165
243.900000	-103.979249
244.000000	-103.012293
244.100000	-102.314817
244.200000	-101.918524
244.300000	-101.981930
244.400000	-102.584297
244.500000	-102.933034
244.600000	-102.679406
244.700000	-102.378224
244.800000	-101.997782
244.900000	-101.855116
245.000000	-101.379565
245.100000	-101.125937
245.200000	-100.840606
245.300000	-100.254093
245.400000	-99.239581
245.500000	-98.573810
245.600000	-98.320182
245.700000	-98.542105
245.800000	-98.446996
245.900000	-98.145812
246.000000	-98.129960
246.100000	-98.034851
246.200000	-97.860481
246.300000	-97.353226
246.400000	-97.115450
246.500000	-96.544788
246.600000	-95.863164
246.700000	-95.197391
246.800000	-94.896208
246.900000	-94.753543
247.000000	-94.801097
247.100000	-94.848654
247.200000	-94.769394
247.300000	-94.642580
247.400000	-94.325546
247.500000	-94.040215
247.600000	-93.628070
247.700000	-93.073260
247.800000	-92.217267
247.900000	-91.408829
248.000000	-90.822315
248.100000	-90.600390
248.200000	-90.632093
248.300000	-91.075941
248.400000	-90.949127
248.500000	-90.711353
248.600000	-90.552836
248.700000	-90.299208
248.800000	-89.998025
248.900000	-89.538324
249.000000	-89.046921
249.100000	-88.745737
249.200000	-88.317741
249.300000	-87.778782
249.400000	-87.525155
249.500000	-87.366638
249.600000	-87.414193
249.700000	-86.843531
249.800000	-86.019241
249.900000	-85.210803
250.000000	-84.687695
250.100000	-84.560881
250.200000	-84.687695
250.300000	-84.751103
250.400000	-84.513327
250.500000	-84.021922
250.600000	-83.292743
250.700000	-82.959858
250.800000	-82.722081
250.900000	-82.405047
251.000000	-81.945346
251.100000	-81.945346
251.200000	-81.992902
251.300000	-81.786829
251.400000	-81.438092
251.500000	-80.851577
251.600000	-80.090695
251.700000	-79.789512
251.800000	-79.710253
251.900000	-79.504181
252.000000	-79.250553
252.100000	-78.885963
252.200000	-78.537226
252.300000	-78.029970
252.400000	-77.649528
252.500000	-77.332494
252.600000	-76.999608
252.700000	-76.635018
252.800000	-76.254576
252.900000	-75.572952
253.000000	-75.097401
253.100000	-73.765855
253.200000	-72.006313
253.300000	-70.484547
253.400000	-69.390779
253.500000	-68.756709
253.600000	-68.518933
253.700000	-68.804264
253.800000	-69.565148
253.900000	-70.928396
254.000000	-71.927055
254.100000	-71.990461
254.200000	-71.705130
254.300000	-71.467355
254.400000	-71.134468
254.500000	-70.944248
254.600000	-70.436992
254.700000	-70.119958
254.800000	-69.882182
254.900000	-69.406631
255.000000	-68.899375
255.100000	-68.629895
255.200000	-68.550636
255.300000	-68.106788
255.400000	-67.361757
255.500000	-66.759391
255.600000	-66.711836
255.700000	-66.537467
255.800000	-65.839991
255.900000	-65.079108
256.000000	-64.666963
256.100000	-64.619408
256.200000	-64.920591
256.300000	-65.063256
256.400000	-64.952294
256.500000	-64.619408
256.600000	-64.334077
256.700000	-63.937784
256.800000	-63.398825
256.900000	-63.050088
257.000000	-62.859866
257.100000	-62.796460
257.200000	-62.701349
257.300000	-62.194093
257.400000	-61.686839
257.500000	-61.242991
257.600000	-60.497959
257.700000	-60.339442
257.800000	-60.291887
257.900000	-60.228479
258.000000	-59.610263
258.100000	-58.912787
258.200000	-58.500642
258.300000	-58.500642
258.400000	-58.421382
258.500000	-58.120200
258.600000	-57.755609
258.700000	-57.406872
258.800000	-57.073985
258.900000	-56.614285
259.000000	-56.138734
259.100000	-55.314444
259.200000	-55.029113
259.300000	-55.013262
259.400000	-55.013262
259.500000	-54.743782
259.600000	-54.426747
259.700000	-53.919493
259.800000	-53.285423
259.900000	-52.587947
260.000000	-52.207505
260.100000	-52.112396
260.200000	-52.033136
260.300000	-51.700251
260.400000	-50.860109
260.500000	-50.368705
260.600000	-50.194336
260.700000	-50.305299
260.800000	-50.194336
260.900000	-50.051671
261.000000	-49.718784
261.100000	-49.354195
261.200000	-49.005456
261.300000	-48.609163
261.400000	-48.228721
261.500000	-47.927538
261.600000	-47.547098
261.700000	-47.198359
261.800000	-46.802066
261.900000	-46.500883
262.000000	-46.215552
262.100000	-45.232745
262.200000	-44.043865
262.300000	-43.092761
262.400000	-42.601359
262.500000	-42.506248
262.600000	-42.648913
262.700000	-42.728173
262.800000	-42.775727
262.900000	-42.633062
263.000000	-42.569656
263.100000	-42.331879
263.200000	-41.998992
263.300000	-41.777069
263.400000	-41.602700
263.500000	-41.127147
263.600000	-40.699151
263.700000	-40.144341
263.800000	-39.541975
263.900000	-39.193237
264.000000	-38.955460
264.100000	-38.876203
264.200000	-38.590872
264.300000	-38.368947
264.400000	-37.972653
264.500000	-37.576360
264.600000	-37.084957
264.700000	-36.514295
264.800000	-35.959485
264.900000	-35.769263
265.000000	-35.594894
265.100000	-35.151046
265.200000	-34.707198
265.300000	-34.516977
265.400000	-34.104832
265.500000	-33.660984
265.600000	-33.534170
265.700000	-33.439060
265.800000	-33.264690
265.900000	-32.234329
266.000000	-31.219817
266.100000	-30.237010
266.200000	-29.396869
266.300000	-28.667690
266.400000	-28.477470
266.500000	-28.572579
266.600000	-29.365166
266.700000	-29.935828
266.800000	-29.872421
266.900000	-29.476128
267.000000	-28.937169
267.100000	-28.540876
267.200000	-28.239693
267.300000	-28.097028
267.400000	-27.684883
267.500000	-27.383700
267.600000	-27.098369
267.700000	-26.781333
267.800000	-26.163117
267.900000	-25.560752
268.000000	-24.815720
268.100000	-24.229206
268.200000	-23.293954
268.300000	-22.739143
268.400000	-22.659886
268.500000	-22.976920
268.600000	-22.786700
268.700000	-21.296637
268.800000	-19.727315
268.900000	-18.506733
269.000000	-17.539778
269.100000	-16.889858
269.200000	-16.715489
269.300000	-16.969116
269.400000	-17.840960
269.500000	-18.903025
269.600000	-19.838277
269.700000	-19.901685
269.800000	-19.695612
269.900000	-19.267615
270.000000	-18.728656
270.100000	-17.983626
270.200000	-17.191040
270.300000	-16.192382
270.400000	-15.415647
270.500000	-15.272981
270.600000	-15.431498
270.700000	-15.811940
270.800000	-15.700978
270.900000	-15.304684
271.000000	-14.480394
271.100000	-13.354922
271.200000	-12.403818
271.300000	-12.055081
271.400000	-12.023378
271.500000	-11.912415
271.600000	-11.151532
271.700000	-10.200429
271.800000	-9.534656
271.900000	-9.154215
272.000000	-9.154215
272.100000	-9.661470
272.200000	-10.295539
272.300000	-10.073615
272.400000	-9.835839
272.500000	-9.439546
272.600000	-8.662810
272.700000	-8.028742
272.800000	-7.838520
272.900000	-7.759263
273.000000	-7.822669
273.100000	-7.870225
273.200000	-7.600746
273.300000	-7.220304
273.400000	-6.792307
273.500000	-6.459420
273.600000	-6.205794
273.700000	-6.015572
273.800000	-5.619279
273.900000	-5.191282
274.000000	-4.826693
274.100000	-4.462103
274.200000	-3.796330
274.300000	-3.257371
274.400000	-2.892783
274.500000	-2.734266
274.600000	-2.718412
274.700000	-2.322121
274.800000	-1.973382
274.900000	-1.561237
275.000000	-1.275906
275.100000	-0.863761
275.200000	-0.483319
275.300000	-0.118730
275.400000	0.198305
275.500000	0.673856
275.600000	1.054298
275.700000	1.292075
275.800000	1.545701
275.900000	1.989551
276.000000	2.433399
276.100000	2.734581
276.200000	3.210132
276.300000	3.717388
276.400000	4.002719
276.500000	4.636789
276.600000	6.237813
276.700000	7.664469
276.800000	8.932607
276.900000	9.725194
277.000000	10.121486
277.100000	10.232448
277.200000	10.137339
277.300000	10.137339
277.400000	9.709341
277.500000	8.964310
277.600000	8.504611
277.700000	8.742385
277.800000	9.091124
277.900000	9.550824
278.000000	9.820303
278.100000	10.121486
278.200000	10.470224
278.300000	10.771407
278.400000	11.135997
278.500000	11.405477
278.600000	11.738362
278.700000	11.944436
278.800000	12.261470
278.900000	12.610207
279.000000	13.069908
279.100000	13.402794
279.200000	13.783236
279.300000	14.052715
279.400000	14.353898
279.500000	14.813597
279.600000	15.130633
279.700000	15.542778
279.800000	15.796404
279.900000	16.097588
280.000000	16.382919
280.100000	16.810916
280.200000	17.143801
280.300000	17.524243
280.400000	17.904685
280.500000	18.221719
280.600000	18.570458
280.700000	18.871641
280.800000	19.331340
280.900000	19.664226
281.000000	20.028816
281.100000	20.393406
281.200000	20.900661
281.300000	21.249399
281.400000	21.598137
281.500000	21.883469
281.600000	22.295613
281.700000	22.691906
281.800000	22.977237
281.900000	23.246716
282.000000	23.468641
282.100000	23.944192
282.200000	24.261228
282.300000	24.514856
282.400000	24.705076
282.500000	25.291590
282.600000	25.656180
282.700000	26.084176
282.800000	26.369507
282.900000	26.718245
283.000000	27.146243
283.100000	27.542535
283.200000	28.097345
283.300000	28.319270
283.400000	28.525343
283.500000	28.842377
283.600000	29.080154
283.700000	29.381336
283.800000	29.936147
283.900000	30.237329
284.000000	30.617771
284.100000	30.950657
284.200000	31.426209
284.300000	32.076129
284.400000	32.218794
284.500000	32.393165
284.600000	32.678496
284.700000	33.090641
284.800000	33.391823
284.900000	33.724709
285.000000	33.930782
285.100000	34.247816
285.200000	34.628258
285.300000	35.072106
285.400000	35.452548
285.500000	35.769582
285.600000	36.514613
285.700000	37.671790
285.800000	38.607040
285.900000	39.019185
286.000000	39.130148
286.100000	38.749706
286.200000	38.638745
286.300000	38.892373
286.400000	39.035039
286.500000	39.447184
286.600000	39.811772
286.700000	40.160511
286.800000	40.382434
286.900000	40.382434
287.000000	40.287325
287.100000	40.382434
287.200000	40.921393
287.300000	41.381094
287.400000	41.349390
287.500000	41.682277
287.600000	42.173680
287.700000	42.997969
287.800000	43.901519
287.900000	45.090397
288.000000	46.009798
288.100000	46.247574
288.200000	46.120761
288.300000	45.661059
288.400000	45.962243
288.500000	46.247574
288.600000	46.580460
288.700000	46.802385
288.800000	47.182825
288.900000	47.642526
289.000000	48.038820
289.100000	48.371705
289.200000	48.688739
289.300000	49.100884
289.400000	49.354512
289.500000	49.687400
289.600000	49.988582
289.700000	50.369022
289.800000	50.686058
289.900000	51.082351
290.000000	51.225017
290.100000	51.320126
290.200000	51.779827
290.300000	52.255379
290.400000	52.667523
290.500000	53.000411
290.600000	53.317445
290.700000	53.697887
290.800000	54.173438
290.900000	54.522177
291.000000	54.966025
291.100000	56.202460
291.200000	58.041259
291.300000	59.404508
291.400000	60.672646
291.500000	61.275011
291.600000	61.385974
291.700000	61.068940
291.800000	60.276353
291.900000	59.198435
292.000000	58.485107
292.100000	58.532664
292.200000	58.707032
292.300000	59.150880
292.400000	59.436211
292.500000	59.895911
292.600000	60.149539
292.700000	60.514129
292.800000	60.720201
292.900000	61.084791
293.000000	61.496936
293.100000	61.766416
293.200000	62.035895
293.300000	62.321226
293.400000	62.749223
293.500000	63.066257
293.600000	63.367439
293.700000	63.668623
293.800000	64.286840
293.900000	64.651430
294.000000	64.778244
294.100000	65.000167
294.200000	65.380609
294.300000	65.745200
294.400000	66.157345
294.500000	66.521933
294.600000	67.171855
294.700000	67.615703
294.800000	67.694962
294.900000	67.774220
295.000000	68.249772
295.100000	68.614361
295.200000	68.820434
295.300000	69.137468
295.400000	69.470356
295.500000	69.819093
295.600000	70.342200
295.700000	70.786048
295.800000	70.976270
295.900000	71.166490
296.000000	71.356710
296.100000	71.832263
296.200000	72.022483
296.300000	72.339517
296.400000	72.640701
296.500000	73.021142
296.600000	73.401583
296.700000	73.766174
296.800000	74.257576
296.900000	75.050163
297.000000	75.668380
297.100000	76.017119
297.200000	76.112230
297.300000	75.858602
297.400000	76.096378
297.500000	76.254895
297.600000	76.587781
297.700000	76.999926
297.800000	77.348664
297.900000	77.570588
298.000000	77.840067
298.100000	78.077843
298.200000	78.600951
298.300000	78.822874
298.400000	79.139910
298.500000	79.425241
298.600000	79.805681
298.700000	80.122717
298.800000	80.423899
298.900000	80.709230
299.000000	81.501817
299.100000	82.310254
299.200000	82.928472
299.300000	83.229655
299.400000	83.277209
299.500000	83.166248
299.600000	83.213803
299.700000	83.530837
299.800000	83.879576
299.900000	84.085648
300.000000	84.370979
300.100000	84.735569
300.200000	85.005048
300.300000	85.322082
300.400000	85.639118
300.500000	86.035410
300.600000	86.146372
300.700000	86.653628
300.800000	87.351104
300.900000	87.588880
301.000000	87.683990
301.100000	88.143691
301.200000	88.397317
301.300000	88.603391
301.400000	89.047239
301.500000	89.728863
301.600000	90.045897
301.700000	90.109305
301.800000	90.156859
301.900000	90.489747
302.000000	90.822632
302.100000	91.218926
302.200000	91.424997
302.300000	91.694477
302.400000	92.011513
302.500000	92.296844
302.600000	92.598026
302.700000	92.962616
302.800000	93.343057
302.900000	93.691795
303.000000	93.945423
303.100000	94.167347
303.200000	94.595343
303.300000	94.864823
303.400000	94.991636
303.500000	95.213561
303.600000	95.609855
303.700000	95.911037
303.800000	96.212220
303.900000	96.481699
304.000000	96.909696
304.100000	97.131621
304.200000	97.464506
304.300000	97.686431
304.400000	98.098576
304.500000	98.431462
304.600000	99.081383
304.700000	99.699600
304.800000	100.143448
304.900000	100.111744
305.000000	100.191004
305.100000	100.539741
305.200000	100.729963
305.300000	100.936034
305.400000	101.189662
305.500000	101.364031
305.600000	101.681067
305.700000	102.077358
305.800000	102.521208
305.900000	102.838242
306.000000	103.107722
306.100000	103.488163
306.200000	103.599124
306.300000	103.836901
306.400000	104.090529
306.500000	104.613636
306.600000	105.358666
306.700000	105.913477
306.800000	105.992736
306.900000	105.929328
307.000000	105.976885
307.100000	106.389030
307.200000	106.912135
307.300000	107.546205
307.400000	107.863239
307.500000	108.449754
307.600000	109.670336
307.700000	110.827513
307.800000	111.382324
307.900000	111.651803
308.000000	111.271361
308.100000	110.494626
308.200000	110.478774
308.300000	111.477433
308.400000	112.444388
308.500000	112.919941
308.600000	112.935793
308.700000	112.587054
308.800000	112.000540
308.900000	111.968837
309.000000	112.317574
309.100000	112.507796
309.200000	112.808979
309.300000	112.999199
309.400000	113.696675
309.500000	114.124673
309.600000	114.330745
309.700000	114.695335
309.800000	115.155034
309.900000	115.392811
310.000000	115.598883
310.100000	115.567179
310.200000	115.741548
310.300000	115.947621
310.400000	116.137841
310.500000	116.391469
310.600000	116.867020
310.700000	117.627904
310.800000	117.865681
310.900000	117.960790
311.000000	118.087604
311.100000	118.325380
311.200000	118.341232
311.300000	118.689970
311.400000	119.022856
311.500000	119.371593
311.600000	119.609370
311.700000	119.878849
311.800000	120.195883
311.900000	120.734842
312.000000	121.115284
312.100000	121.416466
312.200000	121.685946
312.300000	121.860315
312.400000	122.098091
312.500000	122.145647
312.600000	122.320016
312.700000	122.621198
312.800000	123.001640
312.900000	123.286971
313.000000	123.619857
313.100000	123.730819
313.200000	123.841782
313.300000	124.174667
313.400000	124.491703
313.500000	124.903846
313.600000	125.442805
313.700000	126.013469
313.800000	126.235392
313.900000	126.267095
314.000000	126.282947
314.100000	126.599982
314.200000	126.932868
314.300000	127.265755
314.400000	127.471827
314.500000	127.931526
314.600000	128.264414
314.700000	128.311968
314.800000	128.502190
314.900000	129.057000
315.000000	129.627662
315.100000	129.912993
315.200000	130.198324
315.300000	130.388545
315.400000	130.594618
315.500000	131.006763
315.600000	131.260389
315.700000	131.339648
315.800000	131.672534
315.900000	132.084679
316.000000	132.560232
316.100000	132.924820
316.200000	133.305262
316.300000	133.780815
316.400000	134.081998
316.500000	134.335626
316.600000	134.430735
316.700000	134.462439
316.800000	134.478291
316.900000	134.874584
317.000000	135.096508
317.100000	135.476950
317.200000	135.825687
317.300000	136.079315
317.400000	136.380497
317.500000	136.570719
317.600000	136.982864
317.700000	137.236492
317.800000	137.173084
317.900000	137.157232
318.000000	137.632785
318.100000	137.807154
318.200000	138.203447
318.300000	138.377816
318.400000	138.615592
318.500000	138.774109
318.600000	139.408177
318.700000	139.978839
318.800000	140.121506
318.900000	139.947136
319.000000	139.899582
319.100000	140.137358
319.200000	140.232467
319.300000	140.517798
319.400000	140.929943
319.500000	141.579864
319.600000	141.881047
319.700000	141.912750
319.800000	142.166378
319.900000	142.515117
320.000000	142.927262
320.100000	143.260147
320.200000	143.624738
320.300000	143.656441
320.400000	143.957623
320.500000	144.623396
320.600000	145.003838
320.700000	144.924579
320.800000	144.750210
320.900000	144.813616
321.000000	144.956282
321.100000	145.098949
321.200000	145.368427
321.300000	145.748869
321.400000	146.034200
321.500000	146.176865
321.600000	146.446345
321.700000	146.747527
321.800000	146.953600
321.900000	147.286486
322.000000	147.476708
322.100000	147.746187
322.200000	147.904704
322.300000	148.142481
322.400000	148.380255
322.500000	148.744846
322.600000	148.935066
322.700000	149.220397
322.800000	149.537433
322.900000	149.806912
323.000000	150.409277
323.100000	150.583646
323.200000	150.773867
323.300000	151.122605
323.400000	151.328678
323.500000	151.059198
323.600000	151.154308
323.700000	151.550601
323.800000	151.931043
323.900000	152.121263
324.000000	152.359039
324.100000	152.660222
324.200000	152.882147
324.300000	153.294292
324.400000	153.643029
324.500000	153.801546
324.600000	153.627177
324.700000	153.595474
324.800000	154.039322
324.900000	154.562430
325.000000	154.863612
325.100000	155.101389
325.200000	155.529385
325.300000	156.195158
325.400000	156.654858
325.500000	156.829226
325.600000	156.908485
325.700000	157.209668
325.800000	157.938847
325.900000	158.493657
326.000000	158.731434
326.100000	158.366844
326.200000	157.843738
326.300000	157.669368
326.400000	158.018106
326.500000	158.097366
326.600000	158.033958
326.700000	158.065661
326.800000	158.335140
326.900000	158.588768
327.000000	158.810693
327.100000	159.191133
327.200000	159.397207
327.300000	159.508169
327.400000	159.587427
327.500000	159.872758
327.600000	159.967869
327.700000	160.205645
327.800000	160.380014
327.900000	160.665345
328.000000	160.950676
328.100000	161.109193
328.200000	161.315266
328.300000	161.759114
328.400000	162.424887
328.500000	162.567552
328.600000	162.456590
328.700000	162.234665
328.800000	162.440738
328.900000	162.662663
329.000000	162.884586
329.100000	163.043103
329.200000	163.201621
329.300000	163.502805
329.400000	163.756431
329.500000	163.962504
329.600000	164.057615
329.700000	164.279538
329.800000	164.469760
329.900000	164.866052
330.000000	165.119680
330.100000	165.484270
330.200000	165.737898
330.300000	165.959821
330.400000	165.991526
330.500000	166.197598
330.600000	166.356115
330.700000	166.641446
330.800000	166.752408
330.900000	167.021888
331.000000	167.259664
331.100000	167.275515
331.200000	167.576698
331.300000	167.766918
331.400000	167.988843
331.500000	168.036398
331.600000	168.194916
331.700000	168.321729
331.800000	168.527802
331.900000	168.670467
332.000000	168.860687
332.100000	169.098464
332.200000	169.288684
332.300000	169.574017
332.400000	169.748385
332.500000	169.922754
332.600000	170.081271
332.700000	170.398305
332.800000	170.651933
332.900000	171.159189
333.000000	171.603037
333.100000	171.793258
333.200000	171.666444
333.300000	171.666444
333.400000	171.682296
333.500000	171.904219
333.600000	172.760214
333.700000	173.822278
333.800000	174.599014
333.900000	174.789234
334.000000	174.646568
334.100000	174.171017
334.200000	173.964944
334.300000	173.647910
334.400000	173.711316
334.500000	173.806427
334.600000	174.028352
334.700000	174.630717
334.800000	174.995307
334.900000	175.328193
335.000000	175.248935
335.100000	175.153824
335.200000	175.169676
335.300000	175.137973
335.400000	175.122121
335.500000	175.359896
335.600000	175.597672
335.700000	175.851300
335.800000	176.120780
335.900000	176.754848
336.000000	177.182846
336.100000	177.404769
336.200000	177.927876
336.300000	178.276614
336.400000	178.625352
336.500000	178.625352
336.600000	178.387576
336.700000	178.213207
336.800000	178.181504
336.900000	178.435132
337.000000	179.148460
337.100000	179.465494
337.200000	179.671567
337.300000	179.481345
337.400000	179.069200
337.500000	178.974090
337.600000	179.100904
337.700000	179.132608
337.800000	179.259422
337.900000	179.449642
338.000000	179.655714
338.100000	179.941045
338.200000	180.052007
338.300000	180.162970
338.400000	180.384895
338.500000	180.971408
338.600000	181.288442
338.700000	182.096881
338.800000	183.000430
338.900000	183.745460
339.000000	183.967385
339.100000	183.903977
339.200000	183.365019
339.300000	182.730950
339.400000	182.207843
339.500000	182.081029
339.600000	182.144435
339.700000	182.239546
339.800000	182.429766
339.900000	182.619988
340.000000	182.952874
340.100000	183.016281
340.200000	183.238205
340.300000	183.127244
340.400000	183.269909
340.500000	183.444278
340.600000	183.555240
340.700000	183.618646
340.800000	183.777163
340.900000	183.903977
341.000000	184.125902
341.100000	184.268568
341.200000	184.395382
341.300000	184.744119
341.400000	185.330632
341.500000	186.154922
341.600000	186.757289
341.700000	187.232840
341.800000	187.644985
341.900000	187.771799
342.000000	187.454765
342.100000	187.010917
342.200000	186.598772
342.300000	186.836547
342.400000	187.296248
342.500000	187.692541
342.600000	187.724244
342.700000	187.454765
342.800000	187.106026
342.900000	187.106026
343.000000	187.153582
343.100000	187.232840
343.200000	187.518171
343.300000	188.326610
343.400000	189.467933
343.500000	190.276372
343.600000	190.783628
343.700000	190.862885
343.800000	190.561703
343.900000	189.800821
344.000000	189.563044
344.100000	189.658155
344.200000	190.070300
344.300000	190.387334
344.400000	190.545851
344.500000	190.672665
344.600000	190.561703
344.700000	190.086152
344.800000	189.689858
344.900000	189.705710
345.000000	189.674007
345.100000	189.800821
345.200000	189.911783
345.300000	190.102003
345.400000	190.165409
345.500000	190.212966
345.600000	190.355631
345.700000	190.498297
345.800000	190.593408
345.900000	190.720220
346.000000	190.894590
346.100000	191.021404
346.200000	191.116513
346.300000	191.148218
346.400000	191.259179
346.500000	191.433549
346.600000	191.703028
346.700000	191.750583
346.800000	191.829841
346.900000	191.877397
347.000000	191.972506
347.100000	192.146877
347.200000	192.384651
347.300000	192.511465
347.400000	192.543170
347.500000	192.574873
347.600000	192.638279
347.700000	192.780945
347.800000	192.955315
347.900000	193.272349
348.000000	193.415014
348.100000	193.541828
348.200000	193.494272
348.300000	193.525977
348.400000	193.541828
348.500000	193.557680
348.600000	193.589383
348.700000	193.732049
348.800000	193.874714
348.900000	194.175897
349.000000	195.031891
349.100000	195.554997
349.200000	195.761070
349.300000	195.333074
349.400000	194.746560
349.500000	194.667301
349.600000	194.714855
349.700000	194.762412
349.800000	194.857521
349.900000	195.079446
350.000000	195.634256
350.100000	196.014698
350.200000	196.078104
350.300000	195.935439
350.400000	195.602553
350.500000	195.634256
350.600000	195.665959
350.700000	195.776922
350.800000	195.872033
350.900000	195.998847
351.000000	196.014698
351.100000	196.014698
351.200000	196.078104
351.300000	196.220770
351.400000	196.648766
351.500000	196.696323
351.600000	196.537804
351.700000	196.442695
351.800000	196.521952
351.900000	196.585360
352.000000	196.601212
352.100000	196.553657
352.200000	196.664618
352.300000	196.807283
352.400000	196.902394
352.500000	197.045060
352.600000	197.092616
352.700000	197.171874
352.800000	197.108468
352.900000	197.124319
353.000000	197.092616
353.100000	197.187725
353.200000	197.298688
353.300000	197.488908
353.400000	197.615722
353.500000	197.710833
353.600000	197.758387
353.700000	197.805943
353.800000	197.980312
353.900000	197.948609
354.000000	198.249791
354.100000	198.899713
354.200000	199.660595
354.300000	199.993481
354.400000	200.025185
354.500000	199.343561
354.600000	198.630233
354.700000	198.408309
354.800000	198.392457
354.900000	198.424160
355.000000	198.455863
355.100000	198.566826
355.200000	198.677788
355.300000	198.836305
355.400000	198.836305
355.500000	198.994822
355.600000	199.058230
355.700000	199.153339
355.800000	199.185044
355.900000	199.264302
356.000000	199.549632
356.100000	199.930074
356.200000	200.041037
356.300000	199.803260
356.400000	199.850815
356.500000	200.437330
356.600000	201.150658
356.700000	201.388434
356.800000	201.578654
356.900000	201.753023
357.000000	201.911540
357.100000	201.578654
357.200000	200.928733
357.300000	200.326368
357.400000	200.358071
357.500000	200.833624
357.600000	200.992141
357.700000	200.738513
357.800000	200.373922
357.900000	200.389774
358.000000	200.675105
358.100000	201.150658
358.200000	201.435989
358.300000	202.006651
358.400000	202.228576
358.500000	202.085910
358.600000	201.420137
358.700000	200.786067
358.800000	200.833624
358.900000	200.912881
359.000000	201.055547
359.100000	201.325026
359.200000	201.610357
359.300000	201.404286
359.400000	201.245769
359.500000	201.055547
359.600000	200.992141
359.700000	201.055547
359.800000	201.134806
359.900000	201.071398
